0.001585
0.000784
0.000773
0.000674
0.00076
0.000763
0.00066
0.000762
0.000677
0.000802
0.000755
0.000703
0.000774
0.000683
0.000647
0.000631
0.000685
0.001151
0.000796
0.000655
0.000649
0.000684
0.000673
0.000659
0.000663
0.000716
0.000706
0.000669
0.000677
0.000748
0.000706
0.000694
0.000629
0.000652
0.000663
0.000838
0.000841
0.000637
0.000742
0.000741
0.000709
0.000639
0.000781
0.000762
0.000647
0.000757
0.000734
0.000644
0.000736
0.00075
0.000724
0.000718
0.00071
0.000694
0.00068
0.000667
0.000727
0.000661
0.000684
0.000638
0.000684
0.000609
0.000609
0.000766
0.000684
0.000672
0.000724
0.000657
0.000725
0.000639
0.000683
0.000712
0.000661
0.000675
0.000634
0.000736
0.000671
0.000686
0.000711
0.000616
0.000685
0.001211
0.000653
0.00069
0.000679
0.00066
0.000685
0.000755
0.000735
0.000743
0.000757
0.000712
0.000777
0.000785
0.000781
0.000875
0.000772
0.00076
0.000615
0.00074
0.000725
0.000701
0.000749
0.000651
0.000765
0.00062
0.000789
0.000635
0.000942
0.000803
0.000662
0.000752
0.000756
0.000721
0.000735
0.000774
0.000759
0.000624
0.000738
0.000772
0.000726
0.000728
0.00063
0.000754
0.000711
0.000797
0.000812
0.000753
0.000662
0.000671
0.000775
0.000749
0.000738
0.000779
0.000658
0.000753
0.00076
0.000719
0.000752
0.000629
0.000763
0.000673
0.000632
0.000696
0.000676
0.000695
0.000699
0.000685
0.000658
0.00066
0.000666
0.000645
0.000744
0.000793
0.000631
0.000712
0.000728
0.00068
0.000726
0.000718
0.000741
0.000666
0.000674
0.000646
0.000688
0.000704
0.000704
0.000713
0.000623
0.000682
0.000636
0.000705
0.000694
0.000631
0.00082
0.00065
0.000696
0.000692
0.00064
0.000672
0.000619
0.00066
0.000674
0.000713
0.000684
0.000613
0.00073
0.000698
0.000801
0.000697
0.000672
0.000732
0.000734
0.000644
0.00072
0.000719
0.000747
0.000654
0.000699
0.00064
0.000703
0.000715
0.000711
0.000717
0.000643
0.000694
0.000675
0.000843
0.000679
0.000732
0.00072
0.000647
0.00064
0.00089
0.000657
0.000745
0.000709
0.000697
0.000698
0.000643
0.000698
0.000735
0.000694
0.000722
0.000661
0.0007
0.000806
0.000919
0.00069
0.000682
0.000657
0.000646
0.000699
0.00071
0.000648
0.000718
0.000682
0.000697
0.000806
0.000653
0.000889
0.000641
0.000721
0.000696
0.000644
0.000708
0.000706
0.000717
0.000701
0.000702
0.000712
0.000664
0.000706
0.000709
0.000643
0.000722
0.0007
0.000685
0.000655
0.000685
0.000686
0.000647
0.000704
0.000766
0.000657
0.000677
0.000692
0.000688
0.00069
0.000712
0.000659
0.000656
0.000989
0.000688
0.000983
0.00075
0.000718
0.000707
0.000646
0.000707
0.000646
0.000685
0.000635
0.000715
0.000711
0.000674
0.000779
0.000651
0.000758
0.000726
0.000703
0.000725
0.00067
0.000705
0.000658
0.000713
0.000761
0.000646
0.000686
0.000634
0.000695
0.00071
0.001125
0.000693
0.000643
0.000728
0.000698
0.000728
0.000687
0.000791
0.000836
0.000692
0.000693
0.000702
0.0007
0.000674
0.000762
0.000687
0.000692
0.000787
0.000673
0.000668
0.00083
0.00068
0.000937
0.000804
0.000826
0.000929
0.000761
0.000795
0.000791
0.0007
0.000705
0.000662
0.000702
0.001186
0.000703
0.000681
0.000697
0.000816
0.000673
0.000776
0.000767
0.000782
0.000672
0.000768
0.000691
0.000839
0.000786
0.000645
0.000716
0.000672
0.000728
0.000652
0.000683
0.000714
0.000735
0.000817
0.000648
0.00072
0.000684
0.000642
0.000688
0.000694
0.000715
0.000645
0.000739
0.000713
0.00067
0.000733
0.00065
0.000712
0.000747
0.000659
0.00074
0.000738
0.000673
0.000697
0.000678
0.000706
0.000665
0.000685
0.000695
0.000658
0.000701
0.00068
0.000727
0.000741
0.000822
0.000743
0.000698
0.000759
0.000755
0.000689
0.000721
0.000682
0.000869
0.000721
0.00068
0.000697
0.0007
0.000675
0.000941
0.000689
0.000714
0.000816
0.000751
0.000716
0.000842
0.000834
0.000685
0.000801
0.000783
0.00079
0.000791
0.000808
0.000661
0.000762
0.000782
0.000663
0.000695
0.000693
0.000723
0.00071
0.000757
0.000755
0.000872
0.000733
0.000646
0.00071
0.000654
0.000719
0.000712
0.000716
0.000782
0.000813
0.000753
0.000706
0.000691
0.000794
0.000651
0.000799
0.000792
0.000811
0.000821
0.000694
0.000788
0.000822
0.000692
0.000886
0.000658
0.001006
0.000676
0.000734
0.000766
0.00082
0.000798
0.000806
0.000965
0.000703
0.000722
0.00071
0.000678
0.000863
0.000747
0.000721
0.000751
0.000681
0.000817
0.000804
0.000644
0.000763
0.000769
0.000771
0.000661
0.00065
0.000781
0.000783
0.000811
0.000804
0.000711
0.000737
0.000929
0.000894
0.000802
0.000754
0.000768
0.000718
0.000652
0.000746
0.000704
0.000665
0.00077
0.000775
0.000713
0.000803
0.000781
0.000777
0.000793
0.000776
0.00075
0.000869
0.000894
0.000697
0.000865
0.000841
0.000781
0.00075
0.000812
0.000714
0.000745
0.000698
0.000772
0.000766
0.000725
0.000649
0.000634
0.000637
0.00071
0.000675
0.000727
0.000778
0.000735
0.000798
0.000778
0.000787
0.000996
0.000654
0.000683
0.000679
0.00069
0.000679
0.000658
0.000794
0.00065
0.00085
0.000819
0.000787
0.000832
0.000683
0.000797
0.00078
0.000661
0.000678
0.000691
0.000678
0.000703
0.000756
0.000728
0.000715
0.000756
0.000724
0.000812
0.000709
0.000679
0.000862
0.000658
0.000786
0.000822
0.000761
0.00079
0.000659
0.000898
0.000677
0.000779
0.00077
0.000677
0.000919
0.000645
0.000784
0.000688
0.000779
0.000806
0.000715
0.000834
0.000848
0.000686
0.000633
0.000667
0.000681
0.000695
0.000678
0.000638
0.000732
0.000712
0.000647
0.000692
0.000678
0.000812
0.000769
0.000715
0.000754
0.000711
0.000714
0.000677
0.000837
0.000653
0.000721
0.000678
0.000683
0.000674
0.000643
0.000709
0.000677
0.000864
0.000727
0.00069
0.000704
0.000804
0.000646
0.000761
0.00067
0.000718
0.00078
0.000652
0.000704
0.000682
0.000707
0.00079
0.000666
0.000722
0.000728
0.000727
0.000776
0.000672
0.000701
0.000679
0.000735
0.000948
0.000706
0.000684
0.000659
0.00064
0.000725
0.000653
0.000701
0.0007
0.000632
0.000708
0.000743
0.000643
0.000644
0.000632
0.00066
0.00062
0.000735
0.000692
0.000801
0.00071
0.000714
0.000705
0.000725
0.000702
0.000722
0.000736
0.000812
0.000694
0.000709
0.000639
0.000679
0.000666
0.000708
0.000706
0.000649
0.000691
0.000646
0.000667
0.000672
0.000684
0.000714
0.000634
0.000686
0.000724
0.000674
0.000621
0.000757
0.000696
0.000614
0.000666
0.000636
0.000682
0.000711
0.000638
0.000711
0.000647
0.000652
0.00075
0.000822
0.000702
0.000744
0.000684
0.000645
0.000689
0.000691
0.000619
0.000731
0.000702
0.000692
0.000728
0.000661
0.000726
0.000728
0.00074
0.000745
0.00075
0.001139
0.000796
0.000762
0.000779
0.000742
0.000725
0.001046
0.000695
0.00068
0.000758
0.000695
0.00065
0.000685
0.00069
0.000647
0.000711
0.000661
0.000737
0.000687
0.00063
0.000689
0.000637
0.000692
0.001021
0.000736
0.000727
0.000686
0.000735
0.000674
0.000709
0.000767
0.000814
0.000828
0.000822
0.000791
0.000877
0.000723
0.000766
0.00084
0.000796
0.000793
0.000659
0.000797
0.000761
0.000753
0.000651
0.000866
0.000769
0.00066
0.000715
0.000659
0.000669
0.000664
0.000635
0.000769
0.000612
0.000739
0.00088
0.000733
0.000852
0.000741
0.000752
0.000708
0.000754
0.000768
0.000761
0.000757
0.000765
0.00067
0.000721
0.000703
0.000721
0.000614
0.000692
0.000682
0.000616
0.000645
0.000613
0.000684
0.000682
0.000656
0.000792
0.000741
0.000682
0.000889
0.000686
0.000722
0.000658
0.000656
0.000662
0.000747
0.000718
0.00067
0.000664
0.000617
0.000679
0.000696
0.000679
0.000702
0.000696
0.000678
0.000738
0.000686
0.000706
0.000668
0.000718
0.000742
0.000706
0.000727
0.000675
0.00075
0.000755
0.000672
0.000733
0.000724
0.000724
0.000722
0.00072
0.000751
0.000687
0.000677
0.00076
0.00067
0.000709
0.000711
0.000693
0.000764
0.000673
0.000844
0.000737
0.000722
0.000646
0.000741
0.000806
0.000626
0.000753
0.000654
0.000758
0.000873
0.000697
0.0008
0.00069
0.000822
0.000668
0.000797
0.000904
0.00072
0.000845
0.00066
0.00085
0.000838
0.000849
0.000678
0.000663
0.000794
0.000612
0.000685
0.000662
0.000676
0.000679
0.000616
0.00071
0.000717
0.000627
0.000707
0.000775
0.000691
0.000682
0.000685
0.000726
0.000685
0.000727
0.000697
0.000715
0.000717
0.000651
0.000706
0.000716
0.000765
0.000752
0.000698
0.000749
0.000778
0.000724
0.00072
0.000663
0.000694
0.000661
0.000685
0.000677
0.000696
0.000679
0.000629
0.000672
0.000615
0.000694
0.000676
0.000707
0.000631
0.00064
0.00066
0.00073
0.000663
0.000738
0.000724
0.000719
0.000738
0.000656
0.000713
0.00073
0.000776
0.000743
0.000697
0.000782
0.000722
0.000666
0.000715
0.000656
0.000663
0.000683
0.000683
0.000643
0.000709
0.000623
0.000687
0.000667
0.000686
0.000695
0.000678
0.000692
0.000664
0.000679
0.00066
0.000669
0.000729
0.000684
0.000676
0.000614
0.00069
0.000693
0.000681
0.000715
0.000639
0.000698
0.000639
0.00071
0.000729
0.000796
0.000795
0.000735
0.000645
0.000701
0.000722
0.000683
0.000645
0.000663
0.0007
0.000652
0.000717
0.000719
0.000726
0.00085
0.000768
0.000709
0.000664
0.000778
0.000859
0.000709
0.000732
0.000702
0.00073
0.000702
0.000719
0.000705
0.000758
0.000755
0.000718
0.000702
0.000781
0.000696
0.00069
0.000705
0.000693
0.000653
0.000686
0.000682
0.000642
0.000674
0.000687
0.000708
0.000719
0.000686
0.000713
0.000674
0.000695
0.000667
0.000735
0.000668
0.000685
0.000751
0.000831
0.000727
0.000805
0.000668
0.000761
0.00089
0.000722
0.000714
0.000689
0.000731
0.000787
0.000757
0.000681
0.000789
0.000781
0.00068
0.000638
0.00069
0.000659
0.000686
0.000818
0.000665
0.000831
0.000646
0.000734
0.000818
0.00069
0.000819
0.000658
0.000906
0.000672
0.000787
0.000791
0.000645
0.00077
0.000646
0.000762
0.000803
0.000657
0.000803
0.000637
0.000777
0.000892
0.000827
0.000672
0.000659
0.000637
0.000813
0.000672
0.000662
0.000732
0.000999
0.000639
0.000794
0.00064
0.000754
0.000837
0.000638
0.00071
0.00066
0.000673
0.000707
0.000744
0.00073
0.000634
0.000695
0.00063
0.000669
0.000637
0.000687
0.000697
0.000656
0.000696
0.000645
0.000666
0.000624
0.000705
0.000671
0.001177
0.00109
0.000671
0.000638
0.000636
0.000707
0.000783
0.001134
0.001147
0.000706
0.000779
0.00063
0.000662
0.00063
0.000663
0.001066
0.000647
0.000647
0.000647
0.000863
0.000681
0.000695
0.000694
0.000644
0.000617
0.000685
0.000761
0.000651
0.000611
0.00096
0.000653
0.000707
0.000701
0.000615
0.000648
0.000645
0.000665
0.0006
0.000607
0.000694
0.000614
0.000639
0.000641
0.000701
0.000647
0.000679
0.000619
0.000863
0.000732
0.000624
0.000981
0.00101
0.001064
0.000982
0.001044
0.001012
0.000625
0.000609
0.000602
0.000644
0.000866
0.000603
0.000733
0.000631
0.000661
0.001017
0.000626
0.000781
0.000768
0.000627
0.000766
0.00061
0.000808
0.000629
0.000736
0.000614
0.000688
0.000742
0.000608
0.000736
0.000662
0.000692
0.00067
0.000722
0.000677
0.000639
0.000662
0.000665
0.000677
0.000636
0.00069
0.000613
0.000678
0.000671
0.000651
0.000673
0.000609
0.000664
0.000626
0.000681
0.000683
0.000624
0.000664
0.000686
0.000695
0.000615
0.000663
0.000666
0.000661
0.000661
0.000647
0.00067
0.000709
0.000677
0.000672
0.000667
0.000689
0.000674
0.000592
0.000649
0.000654
0.000665
0.000599
0.000701
0.000675
0.000611
0.000683
0.000601
0.000669
0.00068
0.000693
0.000696
0.000641
0.000656
0.000654
0.000642
0.000642
0.000618
0.000665
0.000599
0.000682
0.000657
0.00065
0.000693
0.000678
0.000614
0.000684
0.000655
0.000688
0.000631
0.000777
0.000623
0.000606
0.000826
0.000721
0.000608
0.000714
0.000736
0.000629
0.000726
0.000617
0.00073
0.000658
0.0007
0.000821
0.000684
0.000692
0.000696
0.000609
0.000653
0.000664
0.000653
0.000639
0.000667
0.000728
0.000635
0.000627
0.000638
0.000989
0.00061
0.000659
0.000639
0.000799
0.000684
0.000601
0.000635
0.000675
0.00067
0.000637
0.000668
0.000681
0.000604
0.0007
0.00061
0.000662
0.000671
0.000641
0.000672
0.000657
0.000644
0.000644
0.000649
0.000693
0.000639
0.000678
0.00067
0.000675
0.000686
0.000647
0.000654
0.000672
0.000689
0.000718
0.000611
0.00065
0.000661
0.000653
0.000634
0.000593
0.000644
0.000661
0.000634
0.000645
0.0007
0.000657
0.000648
0.000667
0.000673
0.000657
0.000643
0.00069
0.000668
0.000624
0.000683
0.000601
0.000649
0.00061
0.000649
0.000645
0.000602
0.000689
0.000612
0.000668
0.00069
0.000656
0.000666
0.000688
0.000664
0.000806
0.00066
0.000639
0.000639
0.000687
0.000661
0.000658
0.000594
0.000642
0.00064
0.00061
0.000663
0.00061
0.001003
0.000672
0.000751
0.00063
0.000719
0.000606
0.000617
0.000674
0.000673
0.000683
0.000671
0.00062
0.000681
0.000691
0.000597
0.00066
0.000599
0.000682
0.000657
0.000642
0.000785
0.00075
0.000674
0.000766
0.00062
0.000722
0.000622
0.000697
0.000601
0.000661
0.000656
0.000665
0.000654
0.000653
0.00066
0.000657
0.000655
0.000665
0.000604
0.000665
0.000655
0.000707
0.000684
0.000622
0.000641
0.000634
0.000658
0.000706
0.000613
0.000647
0.000654
0.000709
0.000667
0.000658
0.000657
0.000606
0.000651
0.000595
0.000675
0.000671
0.000667
0.000666
0.000639
0.000672
0.000692
0.000615
0.000684
0.000624
0.000695
0.000646
0.000735
0.000726
0.000625
0.000646
0.000604
0.00067
0.000648
0.000622
0.000657
0.000608
0.000678
0.000659
0.000675
0.000647
0.000791
0.000715
0.00067
0.000726
0.000837
0.000629
0.000745
0.000625
0.000674
0.000616
0.000651
0.000737
0.000607
0.000702
0.000603
0.000647
0.000777
0.000612
0.000686
0.000693
0.000693
0.000679
0.000628
0.000641
0.000642
0.000639
0.000613
0.000639
0.000665
0.000606
0.000735
0.000601
0.000665
0.000696
0.000619
0.000733
0.000732
0.000725
0.000735
0.000664
0.000719
0.000629
0.000687
0.000798
0.000746
0.000679
0.000639
0.000675
0.000674
0.000687
0.000611
0.000678
0.000711
0.000599
0.000659
0.000612
0.000669
0.000666
0.000664
0.000678
0.000653
0.000654
0.000655
0.000671
0.000652
0.000609
0.000691
0.000691
0.000693
0.000654
0.000642
0.000671
0.000657
0.000597
0.000657
0.000673
0.000614
0.000679
0.000622
0.000698
0.000674
0.000677
0.000676
0.000623
0.000671
0.00061
0.000666
0.00064
0.000628
0.000645
0.000645
0.000628
0.000765
0.000689
0.000724
0.000609
0.000665
0.000662
0.000642
0.000683
0.000645
0.000699
0.00068
0.000668
0.000666
0.000606
0.000672
0.000691
0.00067
0.000654
0.000604
0.000653
0.000664
0.000602
0.000654
0.00063
0.000671
0.000636
0.00071
0.000642
0.000677
0.000688
0.000609
0.000668
0.000674
0.000604
0.001066
0.000628
0.000665
0.000651
0.000605
0.000643
0.00062
0.000676
0.001107
0.001031
0.001137
0.001128
0.001051
0.001164
0.001099
0.001154
0.001109
0.001032
0.001377
0.001137
0.001176
0.001123
0.001117
0.000686
0.00063
0.00074
0.001063
0.001192
0.001045
0.000608
0.000658
0.000702
0.000638
0.000599
0.00069
0.0006
0.000684
0.000651
0.000659
0.000614
0.000765
0.000702
0.00071
0.000617
0.000672
0.000668
0.000744
0.000613
0.000721
0.000624
0.000771
0.000727
0.000759
0.00078
0.000712
0.000753
0.000625
0.000733
0.000851
0.000741
0.00073
0.00078
0.000826
0.000735
0.000613
0.00071
0.000721
0.000706
0.000717
0.000649
0.000689
0.00064
0.000715
0.000619
0.000625
0.000764
0.000709
0.000752
0.000639
0.000745
0.000801
0.000755
0.000761
0.000608
0.000757
0.000599
0.000711
0.000745
0.000624
0.00086
0.000625
0.000724
0.000818
0.000653
0.000754
0.000629
0.00075
0.00064
0.000634
0.000767
0.000638
0.000777
0.000615
0.000699
0.000609
0.000633
0.000764
0.000655
0.000785
0.000759
0.000695
0.00065
0.000652
0.000663
0.000668
0.000636
0.000673
0.000691
0.000668
0.000648
0.000621
0.000689
0.000684
0.000612
0.000798
0.000741
0.000606
0.000685
0.000754
0.000636
0.000747
0.000603
0.000733
0.000762
0.000637
0.000738
0.000611
0.000711
0.000759
0.000659
0.000627
0.000829
0.000764
0.000644
0.000721
0.000604
0.000725
0.000599
0.000715
0.000757
0.000638
0.000749
0.000629
0.000824
0.000756
0.000677
0.000637
0.000682
0.00071
0.000611
0.00065
0.000785
0.000696
0.000635
0.000647
0.000633
0.000605
0.001031
0.000644
0.000649
0.000637
0.000742
0.000723
0.000628
0.000704
0.000771
0.000676
0.0007
0.00062
0.000685
0.000604
0.00076
0.000691
0.000661
0.000735
0.000606
0.000734
0.000765
0.000723
0.000703
0.000698
0.000697
0.000748
0.000623
0.000674
0.000687
0.000666
0.00068
0.000649
0.000652
0.000616
0.000676
0.0007
0.000622
0.000677
0.000598
0.000679
0.000644
0.000625
0.000658
0.00061
0.000674
0.000686
0.000659
0.000673
0.000608
0.000659
0.000683
0.00068
0.000646
0.00072
0.000729
0.000627
0.000736
0.000761
0.000674
0.000668
0.0006
0.000638
0.000658
0.000651
0.000629
0.000622
0.000627
0.000681
0.000635
0.000653
0.000776
0.000663
0.000654
0.000684
0.0008
0.000717
0.000617
0.000654
0.000637
0.000644
0.000614
0.000649
0.000626
0.000671
0.000657
0.000641
0.000971
0.000641
0.000624
0.000671
0.000666
0.000701
0.000695
0.000794
0.000699
0.000668
0.000653
0.000593
0.000649
0.000591
0.00065
0.000659
0.000617
0.000619
0.000767
0.000721
0.000732
0.000762
0.000743
0.000601
0.000668
0.000667
0.000618
0.000677
0.000684
0.000678
0.000661
0.000644
0.000664
0.00067
0.000738
0.000652
0.000652
0.000659
0.000641
0.000681
0.000654
0.00067
0.000679
0.0006
0.000647
0.000611
0.00065
0.00094
0.000665
0.000754
0.000772
0.000669
0.00069
0.000668
0.00066
0.000651
0.00069
0.00069
0.000758
0.000711
0.000664
0.000641
0.000668
0.000697
0.001078
0.000652
0.000651
0.000798
0.000701
0.000643
0.000631
0.000689
0.000726
0.000753
0.00071
0.000726
0.000747
0.000608
0.000738
0.000753
0.000742
0.000702
0.000706
0.000754
0.00064
0.000754
0.000742
0.000741
0.000649
0.000622
0.000745
0.000606
0.000765
0.000703
0.000713
0.000731
0.000738
0.00074
0.000606
0.000831
0.000781
0.000726
0.000752
0.000724
0.000607
0.000814
0.000739
0.001114
0.001166
0.00068
0.000596
0.000634
0.000631
0.000635
0.000646
0.000639
0.001167
0.001164
0.001072
0.001139
0.001134
0.001106
0.001093
0.001113
0.001101
0.001154
0.001132
0.001129
0.001185
0.000787
0.000633
0.000675
0.000639
0.000599
0.000928
0.000756
0.000781
0.000777
0.000666
0.000725
0.000783
0.000631
0.000643
0.000682
0.00062
0.000641
0.000698
0.000686
0.000684
0.000641
0.000659
0.000742
0.00066
0.000641
0.000684
0.000667
0.000598
0.000646
0.000831
0.00061
0.000696
0.000744
0.000606
0.000783
0.000752
0.000752
0.000763
0.000736
0.000687
0.000644
0.000593
0.000647
0.000638
0.000621
0.00063
0.000641
0.000618
0.000811
0.000758
0.000777
0.0007
0.00073
0.000691
0.000611
0.000661
0.000719
0.000642
0.000653
0.000726
0.000675
0.000624
0.000643
0.000688
0.000653
0.000654
0.000624
0.000658
0.000804
0.000832
0.000698
0.000702
0.000617
0.000602
0.000728
0.000737
0.000745
0.000769
0.000739
0.000769
0.000767
0.00074
0.000735
0.00072
0.000746
0.000682
0.00077
0.00075
0.000764
0.000713
0.000949
0.000674
0.000765
0.00077
0.000769
0.000735
0.000759
0.000768
0.000747
0.00078
0.000757
0.000746
0.000797
0.000776
0.000801
0.000765
0.000648
0.000618
0.000766
0.000723
0.000806
0.000769
0.000752
0.000775
0.000733
0.000761
0.000764
0.000739
0.000614
0.000767
0.000826
0.000639
0.000769
0.000641
0.000681
0.000752
0.000713
0.000787
0.00076
0.000743
0.000808
0.000747
0.000746
0.000709
0.00073
0.000826
0.000774
0.000823
0.000762
0.000671
0.000737
0.000691
0.000653
0.000669
0.000679
0.000658
0.000671
0.000821
0.000712
0.000693
0.000651
0.000738
0.000692
0.00071
0.000742
0.000833
0.000648
0.000817
0.000803
0.000723
0.000662
0.000676
0.00067
0.000684
0.000691
0.000675
0.000688
0.000661
0.000849
0.000671
0.000747
0.000741
0.000672
0.000636
0.000637
0.000665
0.000664
0.000665
0.000635
0.000709
0.000673
0.000633
0.000629
0.000636
0.000626
0.000663
0.000634
0.000685
0.000697
0.000637
0.000658
0.000649
0.000648
0.000606
0.000639
0.000634
0.000658
0.000773
0.000763
0.000779
0.000643
0.000679
0.000675
0.000771
0.000597
0.000609
0.00073
0.000659
0.000729
0.000664
0.000765
0.000757
0.000605
0.000745
0.000694
0.000736
0.000739
0.000735
0.000748
0.000684
0.000646
0.000769
0.000725
0.000598
0.000753
0.000738
0.000695
0.000737
0.00085
0.000619
0.000745
0.000748
0.000741
0.000744
0.00062
0.000752
0.000765
0.000746
0.000724
0.000756
0.000756
0.000603
0.000732
0.000689
0.000715
0.000737
0.00061
0.000761
0.000687
0.000729
0.000829
0.000776
0.000746
0.000764
0.00074
0.000642
0.000749
0.000736
0.000735
0.000642
0.000816
0.00074
0.000725
0.000738
0.000685
0.000719
0.000745
0.000759
0.00076
0.000634
0.000787
0.00076
0.000633
0.000748
0.000611
0.000677
0.000675
0.000739
0.000675
0.000811
0.000749
0.000634
0.000744
0.000759
0.000797
0.000694
0.00077
0.000613
0.000758
0.000757
0.00078
0.000611
0.000662
0.000643
0.000675
0.000687
0.000606
0.000664
0.000625
0.000699
0.00069
0.000666
0.000756
0.00064
0.000618
0.00067
0.000654
0.00067
0.000638
0.000661
0.000674
0.000612
0.000661
0.0006
0.000684
0.000635
0.000693
0.000665
0.00068
0.000718
0.000683
0.000604
0.000689
0.000669
0.000673
0.000616
0.000659
0.000668
0.000664
0.00065
0.000846
0.000669
0.00064
0.001016
0.00068
0.000665
0.000672
0.000646
0.000661
0.000666
0.000662
0.000638
0.000635
0.000657
0.000596
0.000645
0.00064
0.000714
0.000663
0.000642
0.000773
0.000672
0.000875
0.000612
0.000637
0.000669
0.000643
0.000598
0.000671
0.000801
0.000613
0.000665
0.000742
0.000656
0.000645
0.000691
0.000665
0.000661
0.000855
0.000727
0.000665
0.000654
0.000716
0.000698
0.000642
0.000711
0.000632
0.000611
0.000674
0.000608
0.000635
0.000614
0.000758
0.000706
0.000666
0.000662
0.000684
0.000708
0.000676
0.000657
0.000641
0.000655
0.000633
0.000707
0.000683
0.000632
0.000741
0.000645
0.000712
0.000674
0.000648
0.000835
0.000758
0.000767
0.000679
0.000663
0.001058
0.000665
0.000654
0.00071
0.000752
0.000613
0.000671
0.000666
0.000766
0.000728
0.000645
0.000754
0.000665
0.00075
0.000819
0.000617
0.000786
0.000689
0.000656
0.000731
0.000781
0.000765
0.000631
0.000719
0.000744
0.000707
0.000757
0.000668
0.000668
0.000637
0.000659
0.000659
0.000666
0.000653
0.000645
0.000679
0.000639
0.00068
0.000677
0.000656
0.000691
0.000695
0.000657
0.000875
0.000659
0.000655
0.000659
0.000641
0.000657
0.000703
0.000636
0.000641
0.000693
0.000692
0.000683
0.000694
0.000712
0.000657
0.000649
0.000668
0.000637
0.000712
0.000661
0.000661
0.00072
0.000665
0.000693
0.000619
0.000649
0.000678
0.000822
0.000813
0.000698
0.000634
0.000663
0.000682
0.000657
0.000743
0.000716
0.000966
0.000645
0.000635
0.000686
0.000654
0.000652
0.000661
0.000654
0.000642
0.001004
0.000656
0.000655
0.001043
0.000771
0.0007
0.000633
0.000661
0.000672
0.00064
0.000634
0.000615
0.000661
0.000671
0.000661
0.000656
0.000685
0.000659
0.00062
0.00067
0.000751
0.000705
0.000656
0.000763
0.000766
0.000656
0.000781
0.000637
0.000656
0.000654
0.000601
0.000647
0.000634
0.000654
0.00065
0.000616
0.000709
0.000901
0.00077
0.000754
0.000653
0.000646
0.00065
0.000649
0.000648
0.000662
0.000651
0.000654
0.000638
0.00064
0.000656
0.000621
0.00065
0.000635
0.00067
0.000664
0.000822
0.000794
0.000813
0.000784
0.000652
0.00078
0.000791
0.000779
0.000731
0.00078
0.000768
0.000771
0.000748
0.000753
0.000805
0.000762
0.000786
0.000756
0.000762
0.000639
0.000702
0.000753
0.000768
0.000757
0.000737
0.000769
0.000759
0.000764
0.000768
0.000759
0.000841
0.000795
0.000751
0.00077
0.000734
0.000629
0.000814
0.000725
0.000749
0.000739
