0.002551
0.001406
0.00136
0.001297
0.00139
0.001328
0.001354
0.001334
0.001386
0.00151
0.001425
0.001357
0.001346
0.001238
0.001382
0.001166
0.001345
0.002028
0.001364
0.001214
0.001247
0.001253
0.001279
0.001274
0.00125
0.001325
0.00132
0.00126
0.001237
0.001427
0.001302
0.001215
0.001195
0.001193
0.001243
0.001747
0.001456
0.001265
0.00134
0.001361
0.00135
0.001283
0.001442
0.001371
0.001298
0.001287
0.001402
0.00127
0.001351
0.001377
0.001381
0.001236
0.001308
0.001231
0.001298
0.001251
0.001298
0.001259
0.001258
0.001224
0.001249
0.001188
0.001216
0.001408
0.001256
0.001251
0.001347
0.001244
0.001288
0.001225
0.001209
0.001289
0.00126
0.001211
0.001269
0.001362
0.001254
0.001239
0.001225
0.001166
0.001491
0.0019
0.001228
0.001275
0.001234
0.001193
0.001366
0.00128
0.001405
0.001323
0.0013
0.001291
0.00131
0.001454
0.001327
0.001399
0.001417
0.001295
0.001262
0.00126
0.00137
0.001336
0.001288
0.001304
0.001306
0.001248
0.001408
0.001184
0.001636
0.001438
0.001335
0.001383
0.001276
0.001316
0.001557
0.001464
0.001279
0.001258
0.001277
0.001406
0.001292
0.00124
0.001287
0.001288
0.001399
0.001454
0.001412
0.001342
0.001345
0.001348
0.001443
0.001395
0.00136
0.001303
0.00131
0.001303
0.001549
0.001338
0.001408
0.001249
0.001357
0.001241
0.001247
0.001298
0.001232
0.001254
0.001312
0.001254
0.001213
0.001193
0.001198
0.001317
0.00141
0.001432
0.001305
0.001267
0.001308
0.001262
0.001375
0.001269
0.001253
0.001242
0.001234
0.001274
0.001343
0.001289
0.001324
0.001275
0.001239
0.001207
0.001261
0.001383
0.001259
0.001275
0.001445
0.001251
0.001334
0.001295
0.001216
0.001205
0.001224
0.001213
0.001321
0.001361
0.00136
0.001235
0.001337
0.001335
0.001464
0.001294
0.001324
0.001297
0.001329
0.001232
0.001327
0.001267
0.001397
0.001231
0.001215
0.001225
0.001217
0.001298
0.001249
0.001324
0.001264
0.001252
0.001331
0.0015
0.001266
0.001291
0.001294
0.001161
0.001434
0.001472
0.001256
0.001379
0.001288
0.001282
0.001215
0.001223
0.001228
0.001393
0.001287
0.001328
0.001247
0.001243
0.001346
0.001497
0.001226
0.001262
0.001325
0.001204
0.001232
0.001238
0.001242
0.001318
0.001284
0.001244
0.001406
0.001261
0.001494
0.001216
0.00127
0.001239
0.00134
0.001223
0.001492
0.001295
0.001294
0.001294
0.001327
0.001255
0.001251
0.001257
0.001244
0.001216
0.001344
0.001247
0.001203
0.001189
0.001166
0.001197
0.001293
0.00127
0.001176
0.001149
0.001259
0.001197
0.001181
0.001214
0.001279
0.001268
0.001545
0.001271
0.001618
0.001277
0.001257
0.001179
0.001183
0.001233
0.001197
0.001154
0.001196
0.001207
0.001261
0.001155
0.001309
0.001237
0.001333
0.001356
0.001235
0.001308
0.001261
0.001279
0.00128
0.001275
0.001457
0.001195
0.001242
0.001213
0.001235
0.001288
0.001687
0.00122
0.00123
0.001334
0.001619
0.0013
0.001349
0.001318
0.001414
0.00125
0.001217
0.001327
0.001237
0.001221
0.001356
0.001235
0.001439
0.001334
0.001236
0.001184
0.001437
0.001341
0.001478
0.001477
0.001366
0.001455
0.001453
0.001402
0.001417
0.001287
0.001337
0.001229
0.001344
0.001799
0.001299
0.00126
0.00157
0.001452
0.001401
0.001491
0.001457
0.001575
0.001373
0.001413
0.001501
0.001561
0.001461
0.001342
0.001366
0.001351
0.001417
0.001301
0.001369
0.001418
0.001471
0.00159
0.00134
0.001367
0.001278
0.00128
0.00124
0.001347
0.001277
0.001306
0.001407
0.001326
0.001299
0.001371
0.001293
0.00137
0.001411
0.001284
0.001391
0.001326
0.001287
0.001321
0.001358
0.001447
0.001373
0.001278
0.001307
0.001305
0.00127
0.001325
0.001329
0.001367
0.001645
0.001356
0.001324
0.00138
0.001287
0.00129
0.00136
0.001364
0.001544
0.001277
0.001222
0.001248
0.001313
0.001188
0.001504
0.001215
0.00135
0.001458
0.001425
0.001365
0.001522
0.001611
0.001377
0.001463
0.001481
0.001518
0.001443
0.001394
0.001298
0.001332
0.001318
0.00125
0.001234
0.001375
0.001309
0.001305
0.001272
0.00128
0.00157
0.001269
0.00126
0.00123
0.001339
0.001306
0.001318
0.001365
0.001329
0.001523
0.00139
0.00132
0.001405
0.001377
0.001318
0.001314
0.001329
0.001372
0.001447
0.001359
0.001473
0.001413
0.001363
0.001451
0.001343
0.001806
0.001296
0.018775
0.001301
0.00149
0.001314
0.001399
0.001519
0.00124
0.001287
0.001237
0.001281
0.001519
0.001365
0.001299
0.001306
0.001332
0.001493
0.001321
0.00127
0.001409
0.001281
0.001353
0.001181
0.001293
0.001312
0.001433
0.001464
0.001326
0.001367
0.001422
0.001653
0.001644
0.001391
0.001445
0.001363
0.00139
0.001309
0.001428
0.001408
0.001226
0.001331
0.001383
0.001393
0.001359
0.001496
0.001496
0.001368
0.001477
0.001444
0.001486
0.001487
0.001376
0.001554
0.001427
0.001494
0.001456
0.001379
0.00136
0.001407
0.001285
0.001432
0.001414
0.001304
0.0012
0.00118
0.001217
0.001336
0.001354
0.0013
0.001361
0.001354
0.001343
0.001409
0.001333
0.001539
0.001299
0.001218
0.001235
0.001242
0.001309
0.001349
0.001408
0.001356
0.001531
0.001481
0.001437
0.001442
0.00133
0.001416
0.001293
0.001286
0.001243
0.001245
0.001194
0.001428
0.001377
0.001375
0.001302
0.001377
0.001335
0.001489
0.001346
0.001435
0.001469
0.001303
0.001431
0.001357
0.001414
0.00144
0.001304
0.001461
0.001383
0.001443
0.001406
0.001375
0.001467
0.001319
0.001444
0.001408
0.001475
0.001396
0.001353
0.0015
0.001448
0.001281
0.001257
0.001241
0.001278
0.001411
0.001289
0.001384
0.00142
0.001343
0.001254
0.001403
0.001266
0.001494
0.001393
0.001469
0.001316
0.001316
0.001308
0.001303
0.001438
0.001234
0.001259
0.001234
0.001233
0.001202
0.001215
0.001321
0.001264
0.001541
0.001361
0.001257
0.001295
0.001324
0.001289
0.001464
0.00132
0.001366
0.001435
0.001234
0.001255
0.001297
0.001281
0.001442
0.001259
0.001299
0.00141
0.00126
0.001301
0.001258
0.001264
0.001397
0.001358
0.001779
0.001302
0.001345
0.001223
0.00132
0.001324
0.001251
0.001346
0.001489
0.001233
0.001284
0.001312
0.001236
0.001157
0.001206
0.001239
0.001241
0.001337
0.001292
0.001479
0.001357
0.001343
0.001455
0.001358
0.001337
0.001331
0.001383
0.001375
0.001387
0.001228
0.00121
0.001188
0.001223
0.001349
0.001236
0.00124
0.001271
0.001236
0.001327
0.001235
0.001326
0.001307
0.001258
0.001268
0.001256
0.001234
0.001231
0.001443
0.001319
0.001226
0.001283
0.001272
0.001271
0.001318
0.001253
0.001281
0.001276
0.001257
0.001395
0.001474
0.001325
0.001265
0.001214
0.001237
0.00133
0.00125
0.001229
0.001412
0.001344
0.001344
0.001293
0.001283
0.001331
0.001364
0.001425
0.001445
0.001463
0.001829
0.001444
0.001327
0.00135
0.00137
0.0013
0.001904
0.001333
0.001311
0.001419
0.00127
0.00131
0.001281
0.001322
0.001419
0.001336
0.001218
0.001382
0.001314
0.001254
0.001245
0.001298
0.001455
0.001635
0.001354
0.001343
0.001274
0.001319
0.0013
0.001334
0.001445
0.001448
0.001502
0.001485
0.001344
0.001443
0.001377
0.00139
0.001544
0.001494
0.001404
0.001391
0.001484
0.001463
0.001436
0.00133
0.001683
0.001345
0.001302
0.001353
0.001224
0.001293
0.001258
0.001222
0.001382
0.001219
0.001423
0.00163
0.001465
0.001519
0.001366
0.001402
0.001349
0.001416
0.001342
0.001439
0.001315
0.001336
0.001274
0.001308
0.001333
0.001351
0.001193
0.001287
0.001266
0.001217
0.001235
0.001218
0.00132
0.001301
0.00129
0.001439
0.001298
0.001342
0.001485
0.001289
0.001287
0.001266
0.001206
0.001464
0.00143
0.001418
0.001302
0.001221
0.001241
0.001262
0.001339
0.001284
0.001353
0.001247
0.001299
0.001408
0.001335
0.001272
0.00128
0.001298
0.001381
0.001336
0.001351
0.001321
0.001412
0.001412
0.001301
0.001313
0.00135
0.001293
0.001327
0.001299
0.001395
0.001438
0.00129
0.001425
0.001331
0.001324
0.001363
0.001287
0.001429
0.001298
0.001529
0.001419
0.001353
0.001363
0.001298
0.001363
0.001323
0.001389
0.001335
0.001443
0.001439
0.001408
0.001447
0.00145
0.001539
0.001372
0.001522
0.001552
0.001381
0.001389
0.001256
0.001549
0.001356
0.00154
0.001305
0.001305
0.001349
0.001397
0.001203
0.001245
0.001228
0.001276
0.0012
0.001315
0.001337
0.001191
0.001325
0.001301
0.001244
0.001288
0.001319
0.001291
0.001392
0.001418
0.001368
0.001368
0.001265
0.001278
0.001327
0.001356
0.001409
0.001343
0.00138
0.001316
0.001335
0.001334
0.00135
0.001303
0.001305
0.001313
0.001294
0.001327
0.001379
0.001366
0.001301
0.001282
0.001233
0.001331
0.001236
0.001386
0.001197
0.001407
0.001257
0.001406
0.00133
0.001407
0.001388
0.001386
0.001409
0.00132
0.001351
0.001426
0.001466
0.001448
0.001358
0.001468
0.001269
0.001283
0.001325
0.001257
0.001312
0.001278
0.001306
0.001312
0.001319
0.001257
0.00129
0.001292
0.001341
0.001272
0.001313
0.001263
0.001359
0.001298
0.001206
0.00142
0.001361
0.001317
0.001232
0.001221
0.001313
0.00132
0.001264
0.001315
0.001313
0.001325
0.001334
0.001367
0.001495
0.001533
0.001511
0.001303
0.00125
0.001349
0.001331
0.001258
0.00122
0.001289
0.001299
0.001218
0.001349
0.001367
0.001376
0.001538
0.001407
0.001389
0.001219
0.001456
0.001451
0.001325
0.001367
0.001372
0.001315
0.001357
0.00133
0.001447
0.001417
0.001325
0.001338
0.001344
0.001379
0.0013
0.001301
0.001334
0.001269
0.001254
0.00129
0.001324
0.001253
0.00124
0.001309
0.001337
0.001379
0.001319
0.001265
0.001332
0.001284
0.001267
0.001335
0.001299
0.001354
0.001452
0.001475
0.001487
0.001486
0.001411
0.001451
0.001535
0.001321
0.001335
0.001305
0.001347
0.00144
0.001442
0.001403
0.001464
0.00133
0.001339
0.001301
0.001444
0.001346
0.001364
0.001448
0.001397
0.001535
0.001343
0.001411
0.001489
0.001462
0.001517
0.001398
0.001577
0.001363
0.001415
0.001412
0.00135
0.001424
0.001458
0.001499
0.001508
0.001407
0.001483
0.001347
0.001539
0.001586
0.001562
0.001385
0.001404
0.001374
0.001411
0.001402
0.00138
0.001478
0.001612
0.001352
0.001497
0.001385
0.001517
0.001499
0.001312
0.001315
0.001311
0.001304
0.001416
0.001364
0.001327
0.001265
0.001266
0.001247
0.001244
0.001322
0.001401
0.00137
0.001358
0.001305
0.001311
0.001283
0.001307
0.001324
0.001397
0.002134
0.001937
0.001323
0.00138
0.001305
0.001301
0.001687
0.00206
0.001925
0.001448
0.001386
0.001259
0.001264
0.001387
0.001483
0.001747
0.001254
0.001272
0.001254
0.001569
0.001357
0.001309
0.001378
0.001315
0.001272
0.001291
0.001368
0.001306
0.001295
0.001747
0.001317
0.001339
0.001322
0.001265
0.00131
0.001326
0.001363
0.001294
0.001316
0.001353
0.001321
0.001345
0.001304
0.001445
0.001372
0.001332
0.001339
0.00161
0.00143
0.001295
0.001948
0.001817
0.001915
0.001793
0.001827
0.001815
0.001258
0.001251
0.001233
0.001269
0.001475
0.001353
0.001497
0.001433
0.00137
0.001675
0.001337
0.001459
0.001331
0.001329
0.001443
0.001354
0.001466
0.001341
0.001371
0.001304
0.001369
0.001424
0.00131
0.001307
0.001291
0.001279
0.001288
0.001452
0.001249
0.001247
0.00135
0.001345
0.001327
0.001308
0.001345
0.001278
0.001331
0.001345
0.001306
0.001359
0.001264
0.001279
0.0013
0.001403
0.001299
0.001282
0.001324
0.001402
0.001292
0.001321
0.001304
0.001354
0.001311
0.001328
0.001313
0.001277
0.001401
0.001428
0.001379
0.001374
0.001387
0.001263
0.001238
0.001308
0.001352
0.001265
0.00127
0.001432
0.001346
0.001274
0.001302
0.001269
0.001279
0.001368
0.001367
0.001436
0.001314
0.001336
0.001251
0.001283
0.001334
0.001303
0.001304
0.001206
0.001345
0.001244
0.001282
0.00143
0.001348
0.001318
0.001296
0.001325
0.001469
0.00133
0.001419
0.001391
0.00134
0.001551
0.001411
0.001319
0.001391
0.001461
0.001334
0.001352
0.001348
0.001344
0.001577
0.001415
0.001537
0.001341
0.00133
0.001295
0.00126
0.001283
0.001321
0.001228
0.001225
0.001332
0.001314
0.001251
0.001175
0.001219
0.001588
0.00144
0.001279
0.00121
0.001481
0.001257
0.001233
0.001246
0.001258
0.001318
0.001231
0.001307
0.001328
0.001229
0.001291
0.001232
0.001217
0.001308
0.001281
0.001232
0.001231
0.001234
0.001232
0.001239
0.00126
0.001323
0.001234
0.001305
0.001294
0.00126
0.001278
0.001217
0.001282
0.001304
0.001321
0.001243
0.001263
0.001277
0.001224
0.001208
0.001178
0.001307
0.001311
0.001266
0.001239
0.001394
0.001301
0.001287
0.001353
0.0013
0.001271
0.001341
0.001296
0.001329
0.001281
0.001319
0.001199
0.001222
0.001283
0.001218
0.001263
0.001278
0.001275
0.001239
0.001218
0.001347
0.001309
0.001321
0.001312
0.001289
0.001441
0.001237
0.001242
0.001213
0.001429
0.001329
0.001207
0.00121
0.001196
0.001254
0.00116
0.001241
0.001303
0.001634
0.001387
0.00139
0.001307
0.001329
0.001277
0.001291
0.001311
0.001313
0.001318
0.001234
0.001246
0.00125
0.001302
0.001211
0.001208
0.001228
0.001256
0.001294
0.001237
0.00147
0.001322
0.001331
0.001394
0.001273
0.001305
0.0012
0.00122
0.001171
0.001202
0.001244
0.001249
0.001206
0.001208
0.001214
0.001226
0.001215
0.00123
0.001157
0.001235
0.001214
0.001286
0.001274
0.00115
0.001167
0.001188
0.001207
0.001263
0.001163
0.00118
0.001307
0.00127
0.001241
0.001204
0.001212
0.001174
0.001176
0.00118
0.001204
0.00123
0.001244
0.001177
0.001253
0.001217
0.001314
0.001171
0.001212
0.001204
0.001239
0.001261
0.001328
0.001337
0.001209
0.001171
0.00119
0.00118
0.00124
0.001214
0.001177
0.001247
0.001199
0.001241
0.001242
0.001216
0.001452
0.001247
0.001332
0.001287
0.001413
0.001247
0.001322
0.00129
0.001272
0.001211
0.001446
0.00127
0.001306
0.001318
0.00125
0.001306
0.001323
0.001193
0.001243
0.001227
0.001252
0.001212
0.001199
0.00116
0.001204
0.001172
0.00124
0.001195
0.00122
0.001185
0.001407
0.001239
0.00128
0.001312
0.001212
0.001397
0.00129
0.001396
0.001453
0.001333
0.001324
0.00129
0.00135
0.001509
0.001425
0.001316
0.001249
0.001236
0.001357
0.001298
0.001246
0.001253
0.001269
0.001177
0.001184
0.001221
0.00119
0.001271
0.001308
0.001198
0.001245
0.001209
0.001264
0.001229
0.001178
0.001189
0.001252
0.001289
0.001264
0.001173
0.001162
0.001274
0.001231
0.001161
0.001171
0.00126
0.001257
0.001217
0.001217
0.001242
0.001276
0.001242
0.001226
0.001209
0.001216
0.001127
0.001397
0.001226
0.00121
0.001155
0.001198
0.001153
0.001414
0.001374
0.001244
0.001195
0.001186
0.001238
0.001279
0.001308
0.001239
0.001297
0.001199
0.001184
0.001284
0.001172
0.0012
0.001366
0.001281
0.001288
0.001258
0.001205
0.001298
0.001239
0.001245
0.001288
0.001301
0.001317
0.001276
0.001272
0.001439
0.001293
0.001255
0.001271
0.0013
0.001232
0.001687
0.00129
0.001304
0.001277
0.001239
0.001235
0.001241
0.001228
0.001928
0.001937
0.002007
0.001981
0.001951
0.002015
0.001968
0.002027
0.001966
0.001864
0.00222
0.002017
0.002016
0.001973
0.001983
0.001311
0.00119
0.001571
0.001869
0.002008
0.001605
0.001219
0.001257
0.001293
0.001191
0.001228
0.00131
0.001291
0.001279
0.001284
0.001243
0.001183
0.001292
0.001342
0.001314
0.001197
0.001193
0.0012
0.001257
0.001251
0.001237
0.001276
0.001477
0.001406
0.001491
0.001355
0.001425
0.001374
0.001318
0.001341
0.00154
0.001302
0.001417
0.001474
0.00155
0.0013
0.001289
0.001314
0.001392
0.00139
0.001281
0.001318
0.001285
0.001253
0.001418
0.001253
0.001353
0.001326
0.001401
0.001435
0.00131
0.001324
0.001488
0.001484
0.001449
0.001256
0.001315
0.001257
0.001388
0.001369
0.001298
0.001466
0.001331
0.001471
0.001396
0.00135
0.001431
0.001352
0.001421
0.001388
0.001433
0.001432
0.001365
0.001502
0.001312
0.001389
0.001337
0.001322
0.001426
0.001347
0.001485
0.001282
0.001263
0.001173
0.001268
0.001198
0.001253
0.001193
0.001268
0.0013
0.001194
0.001241
0.001218
0.001326
0.001302
0.001269
0.001313
0.001303
0.001265
0.001364
0.00145
0.001343
0.001377
0.001289
0.001462
0.001425
0.00135
0.001333
0.001321
0.001374
0.001473
0.001348
0.001372
0.001481
0.001321
0.001324
0.001396
0.001291
0.001432
0.001296
0.001496
0.001487
0.001392
0.00141
0.00162
0.001563
0.001484
0.001288
0.001297
0.00128
0.001353
0.001251
0.001305
0.001593
0.001432
0.001316
0.00131
0.001258
0.001256
0.001741
0.001372
0.001309
0.001438
0.001419
0.00162
0.001346
0.001418
0.001415
0.001444
0.001402
0.001399
0.001454
0.001434
0.001548
0.001446
0.00147
0.001537
0.001374
0.001564
0.001571
0.001546
0.001415
0.001436
0.001456
0.001491
0.001355
0.00143
0.00145
0.001435
0.001414
0.001396
0.001349
0.00142
0.001397
0.001498
0.001395
0.001475
0.001339
0.001414
0.001361
0.001355
0.00135
0.001357
0.001431
0.001488
0.001414
0.001363
0.001349
0.001389
0.001451
0.001449
0.001399
0.001536
0.001485
0.001445
0.001511
0.001543
0.001428
0.00138
0.001297
0.001348
0.001397
0.001399
0.001302
0.001376
0.001334
0.001424
0.001337
0.001422
0.001614
0.001384
0.001407
0.001384
0.001562
0.001449
0.001309
0.00138
0.001373
0.001342
0.001351
0.00135
0.001336
0.001396
0.001377
0.001418
0.001994
0.001442
0.001586
0.001352
0.001409
0.001528
0.001418
0.001591
0.001504
0.001449
0.001389
0.001328
0.001383
0.001326
0.001412
0.001419
0.001322
0.001369
0.001548
0.001443
0.001547
0.001573
0.001501
0.0014
0.001415
0.001367
0.001429
0.001361
0.001394
0.001434
0.001342
0.001406
0.00134
0.001369
0.001482
0.001412
0.001334
0.001378
0.001373
0.001441
0.001334
0.001401
0.00137
0.001381
0.001328
0.001337
0.001328
0.001959
0.001399
0.001477
0.001596
0.001419
0.001462
0.001354
0.001383
0.001467
0.001392
0.001461
0.001541
0.001512
0.001347
0.001361
0.00137
0.001429
0.001902
0.001409
0.001433
0.00156
0.001455
0.001339
0.001332
0.00142
0.001526
0.001443
0.001528
0.0015
0.001462
0.001526
0.001436
0.001587
0.00148
0.001454
0.001584
0.001468
0.001574
0.001592
0.001537
0.001472
0.001501
0.001405
0.001478
0.001501
0.001458
0.001506
0.001472
0.001427
0.001504
0.00147
0.001422
0.001646
0.001505
0.001553
0.001432
0.001415
0.001397
0.001544
0.001521
0.002223
0.00224
0.001381
0.001303
0.001343
0.001299
0.001323
0.001324
0.001524
0.002206
0.002205
0.002188
0.002195
0.002177
0.002096
0.002068
0.00201
0.002085
0.002125
0.002121
0.002129
0.002129
0.001743
0.001354
0.001374
0.001349
0.001314
0.001647
0.001592
0.001551
0.00156
0.001426
0.001466
0.001559
0.001457
0.001383
0.001384
0.00147
0.001389
0.001492
0.001459
0.001383
0.001513
0.001383
0.001523
0.001374
0.00141
0.001335
0.001305
0.00129
0.001441
0.001602
0.00136
0.001639
0.00143
0.001315
0.001508
0.001421
0.00161
0.001504
0.001514
0.0014
0.001367
0.001285
0.001348
0.001327
0.001332
0.001339
0.001321
0.001347
0.001637
0.00166
0.001633
0.001615
0.001672
0.001473
0.00148
0.001408
0.0014
0.00136
0.001293
0.001415
0.001362
0.001322
0.001286
0.001331
0.00129
0.001284
0.001329
0.001304
0.001625
0.001621
0.001401
0.001332
0.001242
0.001334
0.001348
0.001461
0.001429
0.001372
0.001515
0.001409
0.001527
0.001362
0.001336
0.001381
0.001346
0.001504
0.001452
0.00136
0.001513
0.001383
0.001562
0.001422
0.001511
0.001481
0.001401
0.001461
0.001435
0.001502
0.001455
0.00141
0.00151
0.001353
0.001561
0.001446
0.001565
0.001383
0.001386
0.001367
0.001383
0.00146
0.001579
0.001374
0.001497
0.001389
0.00151
0.00139
0.001378
0.001434
0.001259
0.001531
0.001534
0.001392
0.001367
0.001374
0.001416
0.001349
0.00147
0.001432
0.001501
0.001431
0.001473
0.001483
0.001371
0.001458
0.001384
0.001587
0.001538
0.001532
0.001503
0.001371
0.001376
0.001279
0.00127
0.001378
0.00133
0.001369
0.001342
0.001493
0.001442
0.001329
0.00152
0.001418
0.001496
0.001397
0.001445
0.00155
0.001345
0.001522
0.001528
0.001426
0.001375
0.001332
0.00143
0.001369
0.001337
0.00135
0.001343
0.001417
0.001563
0.00142
0.001538
0.00147
0.001311
0.001319
0.001362
0.001305
0.00131
0.001335
0.001322
0.001553
0.001297
0.001266
0.001271
0.001275
0.001348
0.001311
0.001313
0.00132
0.001343
0.001291
0.001292
0.001271
0.001281
0.001267
0.001249
0.001305
0.001273
0.001387
0.001497
0.001423
0.001477
0.001288
0.001294
0.001398
0.001307
0.001325
0.001346
0.001423
0.001338
0.001302
0.001479
0.00138
0.001443
0.001373
0.001369
0.001347
0.001366
0.001403
0.001414
0.001455
0.001412
0.001488
0.001386
0.0013
0.001452
0.001329
0.00132
0.001395
0.001492
0.001409
0.001437
0.001356
0.001418
0.001351
0.001489
0.00137
0.001503
0.001346
0.001465
0.001527
0.001378
0.001401
0.001333
0.001309
0.001412
0.001329
0.001405
0.00139
0.001431
0.001333
0.001486
0.001398
0.001396
0.001498
0.00135
0.00136
0.001465
0.001342
0.001358
0.001397
0.001516
0.001345
0.001426
0.001358
0.001465
0.001328
0.001366
0.001475
0.001384
0.001424
0.001396
0.001476
0.001383
0.001346
0.00141
0.001294
0.001407
0.001375
0.001366
0.001513
0.001384
0.001307
0.001346
0.001386
0.001546
0.001289
0.001508
0.001341
0.001365
0.001427
0.001417
0.001407
0.001271
0.001286
0.001289
0.001296
0.001329
0.001287
0.001312
0.001379
0.001336
0.001309
0.001528
0.001235
0.001245
0.001267
0.001269
0.001279
0.001329
0.00126
0.001308
0.001223
0.00128
0.001243
0.001311
0.001331
0.001317
0.001313
0.001351
0.001587
0.001381
0.001316
0.001332
0.0014
0.001354
0.001343
0.00132
0.001338
0.00135
0.001286
0.001572
0.00131
0.001365
0.001934
0.001351
0.001557
0.001387
0.001316
0.001304
0.001311
0.001286
0.001228
0.001233
0.001249
0.001261
0.001248
0.001289
0.001365
0.001311
0.001245
0.019047
0.001293
0.001539
0.001227
0.001227
0.001288
0.00126
0.001212
0.001276
0.00142
0.001294
0.001317
0.001499
0.001279
0.001243
0.001312
0.001255
0.001283
0.001541
0.001397
0.001334
0.001288
0.001531
0.001429
0.001391
0.001405
0.001301
0.001306
0.001315
0.001283
0.001289
0.00128
0.00145
0.001397
0.001388
0.001353
0.001323
0.001452
0.001408
0.001306
0.001299
0.001292
0.001329
0.001404
0.00133
0.001312
0.001412
0.001314
0.001422
0.001353
0.018846
0.001654
0.00154
0.001444
0.001373
0.001309
0.001979
0.001318
0.001291
0.001419
0.001557
0.001316
0.001369
0.001337
0.001482
0.001456
0.001429
0.001754
0.001478
0.001406
0.0016
0.001361
0.001459
0.00145
0.001412
0.001398
0.001611
0.001408
0.00137
0.001469
0.001558
0.001561
0.001428
0.001379
0.001341
0.001283
0.001321
0.001289
0.001348
0.00129
0.001274
0.00149
0.00133
0.001382
0.001326
0.001371
0.001424
0.001462
0.001393
0.001649
0.001526
0.00143
0.00134
0.001365
0.001442
0.001342
0.001434
0.001549
0.001586
0.001379
0.001321
0.00139
0.001388
0.001378
0.001309
0.001309
0.001387
0.001427
0.00134
0.001412
0.001664
0.001318
0.001407
0.001345
0.001336
0.001494
0.001854
0.00158
0.001443
0.001491
0.001365
0.001409
0.001338
0.001473
0.001522
0.001698
0.001365
0.001348
0.001508
0.001329
0.001345
0.001341
0.001305
0.001326
0.001902
0.001339
0.001714
0.002014
0.001518
0.001433
0.001354
0.00133
0.00135
0.001367
0.001312
0.001347
0.001308
0.001359
0.001391
0.001329
0.001357
0.001338
0.00134
0.001323
0.001447
0.001381
0.001492
0.00155
0.001606
0.001361
0.001521
0.001325
0.001378
0.001321
0.001367
0.001316
0.00132
0.00136
0.00135
0.001355
0.001558
0.001727
0.001436
0.001503
0.001292
0.001306
0.001303
0.001285
0.001299
0.001355
0.001445
0.001327
0.001327
0.001309
0.00136
0.001402
0.001331
0.001401
0.001403
0.001337
0.00169
0.001612
0.001666
0.001463
0.001481
0.001613
0.001659
0.001682
0.001525
0.001592
0.001581
0.001513
0.001404
0.00154
0.001573
0.001531
0.00157
0.001563
0.001457
0.001457
0.00154
0.001551
0.001628
0.00145
0.00157
0.0015
0.001587
0.001599
0.001435
0.001864
0.001646
0.001565
0.001512
0.001567
0.001449
0.001366
0.001502
0.001503
0.001389
0.001497
