0.004286
0.003894
0.003813
0.004122
0.004097
0.004493
0.003756
0.003917
0.004331
0.00409
0.00411
0.007318
0.006826
0.004061
0.004211
0.004107
0.004206
0.003958
0.004554
0.004373
0.003863
0.004296
0.00446
0.004422
0.004036
0.004174
0.004232
0.0043
0.00429
0.00408
0.005054
0.003902
0.004277
0.004152
0.005701
0.004189
0.003794
0.003883
0.004084
0.003969
0.004185
0.004354
0.003948
0.003786
0.004208
0.004257
0.004063
0.004022
0.003975
0.004008
0.003851
0.003752
0.004335
0.004444
0.004289
0.004014
0.004015
0.004021
0.003782
0.005198
0.003997
0.003884
0.003831
0.004271
0.003924
0.004631
0.00399
0.003854
0.003856
0.003823
0.004111
0.004011
0.004087
0.003956
0.003836
0.003926
0.004447
0.004233
0.004081
0.004316
0.004041
0.0038
0.00373
0.004055
0.004335
0.004452
0.004296
0.004258
0.004186
0.004183
0.004323
0.004466
0.004267
0.004208
0.004266
0.004494
0.00419
0.004148
0.004247
0.00405
0.004091
0.004054
0.003853
0.003742
0.004269
0.004305
0.004099
0.004059
0.003741
0.004921
0.004546
0.003688
0.003693
0.004971
0.004019
0.004215
0.007263
0.004515
0.00368
0.006528
0.007062
0.006071
0.003889
0.004172
0.00388
0.003846
0.004596
0.004083
0.003827
0.003799
0.004871
0.004138
0.003986
0.0047
0.004024
0.004272
0.004082
0.003837
0.004279
0.004186
0.004147
0.004803
0.003894
0.003711
0.003898
0.005011
0.004052
0.004028
0.004462
0.004402
0.003817
0.003964
0.00437
0.004186
0.004636
0.004299
0.004274
0.004168
0.004334
0.004449
0.004376
0.004234
0.003938
0.004386
0.003925
0.004188
0.004439
0.004266
0.004034
0.003921
0.004058
0.004067
0.003719
0.004001
0.004148
0.004389
0.0042
0.004376
0.004211
0.004216
0.004145
0.004281
0.00437
0.004377
0.004231
0.004243
0.004052
0.00373
0.004088
0.004196
0.004103
0.003659
0.004373
0.004074
0.004216
0.004361
0.004232
0.004321
0.004302
0.003947
0.003873
0.004321
0.004147
0.003916
0.003893
0.004166
0.003766
0.004339
0.004969
0.003988
0.003729
0.0041
0.00399
0.004011
0.004899
0.003878
0.004135
0.004101
0.003855
0.003823
0.004022
0.003824
0.003976
0.00376
0.003986
0.003787
0.003725
0.004327
0.004657
0.004248
0.004204
0.004321
0.004385
0.004092
0.00428
0.004126
0.00419
0.004157
0.004082
0.004402
0.004192
0.003741
0.004006
0.00423
0.003844
0.004026
0.004095
0.003822
0.003754
0.00399
0.003969
0.003949
0.004276
0.00399
0.003894
0.003866
0.003859
0.003873
0.004183
0.005152
0.003776
0.003698
0.004419
0.004097
0.003982
0.004268
0.003942
0.003836
0.004139
0.004098
0.003796
0.003864
0.003865
0.003832
0.004443
0.003936
0.003955
0.004101
0.003829
0.003663
0.003823
0.004367
0.003892
0.004285
0.004623
0.003831
0.003922
0.003711
0.004411
0.004213
0.005221
0.004088
0.003995
0.003911
0.003777
0.003916
0.00425
0.0042
0.003884
0.003867
0.003854
0.003733
0.003795
0.004613
0.0046
0.003908
0.00502
0.004281
0.003847
0.004568
0.003996
0.003904
0.004963
0.003939
0.004394
0.0044
0.004398
0.004353
0.004412
0.004723
0.004409
0.004583
0.004353
0.004216
0.004175
0.004506
0.004059
0.00404
0.004477
0.004264
0.00416
0.00416
0.004349
0.005104
0.004217
0.003986
0.00407
0.004374
0.004019
0.00423
0.004171
0.003877
0.003737
0.004107
0.004238
0.003887
0.003909
0.003848
0.003764
0.003905
0.004211
0.003953
0.004174
0.004107
0.00394
0.003941
0.005037
0.00439
0.004297
0.004353
0.003811
0.003779
0.00479
0.004021
0.003957
0.004544
0.003833
0.004094
0.003882
0.003857
0.004053
0.003936
0.004353
0.003835
0.003836
0.004859
0.004009
0.003946
0.004028
0.003942
0.004125
0.003741
0.004106
0.003994
0.003884
0.004108
0.003675
0.004018
0.005271
0.004272
0.004264
0.004185
0.004136
0.004078
0.004373
0.003982
0.003955
0.003897
0.003847
0.003795
0.00386
0.004271
0.004217
0.004013
0.003998
0.00369
0.003932
0.003817
0.004079
0.004091
0.004199
0.003885
0.003861
0.003766
0.003974
0.004258
0.003976
0.003892
0.003827
0.003927
0.003909
0.004289
0.004011
0.00384
0.003836
0.003831
0.003864
0.004377
0.004383
0.004052
0.003896
0.003961
0.004352
0.00423
0.00415
0.004387
0.003955
0.003936
0.003708
0.004114
0.003867
0.003953
0.004018
0.003799
0.004072
0.003876
0.003927
0.003976
0.004373
0.004213
0.004141
0.004175
0.004159
0.003899
0.004131
0.00411
0.003819
0.003789
0.004034
0.00422
0.004081
0.003863
0.003939
0.003996
0.00408
0.004894
0.003973
0.004243
0.003803
0.003866
0.003962
0.004499
0.004293
0.003873
0.003859
0.004069
0.003749
0.004164
0.004423
0.004244
0.004035
0.003807
0.004032
0.003815
0.003902
0.004203
0.004555
0.004017
0.004131
0.004315
0.004259
0.004197
0.004375
0.004402
0.004242
0.004274
0.004389
0.004278
0.003995
0.004483
0.00451
0.004328
0.004333
0.004207
0.004177
0.004068
0.004085
0.004525
0.004441
0.004282
0.00423
0.004394
0.004066
0.004265
0.004513
0.004316
0.004354
0.004262
0.004273
0.004279
0.004349
0.004373
0.004486
0.004246
0.004057
0.004426
0.004209
0.004138
0.004123
0.004081
0.003854
0.003905
0.00432
0.003879
0.003743
0.004153
0.004043
0.004097
0.003945
0.004007
0.003911
0.003846
0.003779
0.004157
0.004938
0.005219
0.004055
0.004085
0.00442
0.00413
0.004494
0.00459
0.004601
0.003863
0.003758
0.004963
0.004441
0.004279
0.0042
0.004858
0.004073
0.00428
0.004745
0.004139
0.004154
0.004275
0.004552
0.004264
0.004401
0.004377
0.004181
0.004418
0.004406
0.004495
0.004285
0.003923
0.004066
0.003973
0.004333
0.004512
0.004576
0.004227
0.004462
0.004277
0.00428
0.004248
0.004582
0.004444
0.004418
0.004225
0.004357
0.003821
0.003739
0.003719
0.00447
0.003924
0.003808
0.004285
0.004783
0.00414
0.003756
0.003893
0.004347
0.004026
0.00377
0.004117
0.004012
0.00384
0.003873
0.004013
0.00402
0.003925
0.003845
0.003896
0.003851
0.003855
0.003912
0.003965
0.00405
0.003809
0.003834
0.003917
0.00399
0.003924
0.004262
0.00412
0.004414
0.004833
0.004346
0.004313
0.00419
0.003981
0.003873
0.00424
0.004367
0.004488
0.0043
0.003765
0.003732
0.004433
0.004198
0.004042
0.003976
0.004024
0.004009
0.003863
0.004046
0.004518
0.004349
0.004127
0.003857
0.003905
0.003875
0.003873
0.004152
0.004068
0.003881
0.003888
0.003923
0.004294
0.004218
0.004346
0.004513
0.004278
0.004214
0.004328
0.004413
0.004119
0.00415
0.004313
0.004313
0.003911
0.003864
0.003887
0.003861
0.003827
0.003948
0.00396
0.004135
0.004201
0.004101
0.00428
0.004119
0.004154
0.004265
0.004242
0.004385
0.003732
0.003923
0.003721
0.003951
0.003948
0.003917
0.003887
0.003795
0.00388
0.004084
0.003852
0.003873
0.00406
0.003939
0.00395
0.003952
0.00403
0.004121
0.003858
0.004196
0.004236
0.004514
0.004499
0.004132
0.004005
0.003513
0.003395
0.003718
0.003917
0.003507
0.003527
0.003432
0.003469
0.00349
0.003419
0.003691
0.0036
0.003866
0.003618
0.003793
0.003878
0.003947
0.003815
0.003703
0.003847
0.004004
0.003772
0.00372
0.004231
0.004274
0.004052
0.004067
0.00436
0.00438
0.004192
0.004082
0.003884
0.003905
0.003778
0.003977
0.003985
0.003947
0.003907
0.003952
0.003968
0.003942
0.003859
0.003837
0.004121
0.003838
0.003884
0.004223
0.004318
0.004137
0.004158
0.004339
0.004806
0.004413
0.004309
0.0043
0.00428
0.004246
0.00416
0.004576
0.004203
0.004204
0.004296
0.004035
0.003884
0.003942
0.00391
0.003581
0.003728
0.003628
0.003833
0.0036
0.003905
0.004084
0.003965
0.003814
0.006829
0.006049
0.003555
0.00431
0.0071
0.007267
0.007332
0.006645
0.006228
0.006902
0.007395
0.007199
0.005187
0.006866
0.006827
0.007256
0.007432
0.0048
0.007
0.007005
0.007431
0.006806
0.004097
0.004225
0.004429
0.004402
0.004356
0.003767
0.003804
0.003706
0.003952
0.004156
0.004475
0.004247
0.004105
0.004391
0.004271
0.004082
0.004022
0.00406
0.004748
0.003941
0.004027
0.004314
0.004261
0.006931
0.006875
0.007282
0.004097
0.00408
0.004011
0.004013
0.00413
0.004445
0.004342
0.004474
0.004836
0.004266
0.00389
0.004157
0.00411
0.003818
0.004384
0.004671
0.004218
0.003815
0.003856
0.004284
0.003759
0.004537
0.004745
0.004285
0.003839
0.003771
0.004302
0.00425
0.0039
0.004175
0.004079
0.004341
0.004291
0.004186
0.004537
0.004176
0.004149
0.004426
0.004668
0.007334
0.007157
0.003891
0.004592
0.00711
0.007337
0.007209
0.007038
0.004878
0.004283
0.004512
0.004417
0.00428
0.003941
0.005596
0.004196
0.003855
0.004748
0.004048
0.004322
0.004705
0.004268
0.004208
0.004826
0.004412
0.004231
0.004232
0.00432
0.004181
0.004155
0.004266
0.004544
0.004101
0.004056
0.004102
0.004279
0.004138
0.003921
0.005117
0.004123
0.003889
0.003772
0.003792
0.004002
0.003794
0.004419
0.004583
0.004223
0.004148
0.004234
0.004096
0.003927
0.004629
0.004224
0.004099
0.003831
0.004165
0.00414
0.004147
0.003735
0.003849
0.004808
0.004121
0.004068
0.00428
0.004009
0.003806
0.003845
0.004146
0.004057
0.003967
0.00395
0.003959
0.003793
0.003763
0.004012
0.004616
0.003949
0.004096
0.003862
0.003881
0.003914
0.003882
0.004024
0.004465
0.003858
0.003802
0.004918
0.003854
0.003892
0.004648
0.003954
0.004071
0.00482
0.004282
0.004622
0.004336
0.003773
0.004601
0.005417
0.004007
0.004032
0.004393
0.003852
0.003774
0.004603
0.005036
0.004047
0.004182
0.003851
0.003819
0.003859
0.00386
0.004829
0.004392
0.004263
0.004237
0.004287
0.004352
0.004207
0.004406
0.004901
0.004249
0.004208
0.004445
0.004234
0.003772
0.003892
0.003858
0.003804
0.004225
0.004242
0.003981
0.003886
0.00385
0.004096
0.003981
0.003971
0.004542
0.00413
0.004233
0.00405
0.003864
0.004459
0.004541
0.00388
0.003892
0.003899
0.004181
0.003965
0.004242
0.004077
0.003926
0.003919
0.003826
0.004106
0.003911
0.003869
0.004017
0.004097
0.003804
0.003838
0.003879
0.004195
0.003845
0.003798
0.004324
0.004019
0.004029
0.003917
0.003952
0.004715
0.003883
0.003861
0.004182
0.004234
0.004154
0.005192
0.00431
0.00421
0.004102
0.004457
0.004001
0.003906
0.003844
0.004046
0.003818
0.003837
0.004526
0.004255
0.004064
0.004202
0.003781
0.003854
0.004454
0.004267
0.004766
0.004068
0.0042
0.00404
0.004788
0.00385
0.003771
0.004009
0.003931
0.004349
0.00402
0.004284
0.004354
0.00412
0.004197
0.00435
0.004465
0.004257
0.003924
0.003925
0.003886
0.003804
0.004144
0.004156
0.003991
0.003817
0.003883
0.003883
0.00385
0.004035
0.004153
0.004001
0.004064
0.003926
0.003799
0.004271
0.004165
0.003911
0.004022
0.004147
0.003909
0.004119
0.004189
0.004133
0.003992
0.003905
0.004441
0.004216
0.00388
0.004107
0.003986
0.003899
0.003801
0.003813
0.004056
0.004093
0.004104
0.00386
0.003918
0.003876
0.003778
0.003805
0.004889
0.004363
0.004224
0.003942
0.003984
0.00396
0.003962
0.004078
0.003876
0.003994
0.003905
0.003879
0.003942
0.003957
0.003873
0.003949
0.003741
0.004044
0.003912
0.003962
0.004095
0.003784
0.0038
0.003914
0.004157
0.003938
0.004081
0.004026
0.003965
0.003789
0.003848
0.004874
0.004748
0.003867
0.003923
0.004017
0.00404
0.004015
0.004263
0.004082
0.004002
0.004027
0.004216
0.004294
0.00425
0.004453
0.004349
0.004164
0.004116
0.004255
0.004202
0.004267
0.003708
0.003951
0.003952
0.004394
0.004194
0.004288
0.0044
0.003899
0.003842
0.004215
0.004173
0.004047
0.003935
0.003848
0.003726
0.003718
0.004067
0.004137
0.00427
0.004152
0.004138
0.003937
0.004136
0.004206
0.004501
0.004112
0.003968
0.003836
0.003775
0.004227
0.003791
0.004088
0.004105
0.004026
0.003704
0.004053
0.004419
0.004136
0.004199
0.004133
0.004185
0.004433
0.00441
0.004437
0.004025
0.003922
0.004022
0.00434
0.004047
0.003974
0.003839
0.003832
0.004508
0.004212
0.004545
0.004437
0.004415
0.003873
0.003876
0.004045
0.003858
0.003802
0.003895
0.004015
0.003832
0.003963
0.004144
0.003882
0.003826
0.004521
0.004011
0.004096
0.004003
0.005415
0.004075
0.003847
0.003713
0.003876
0.004302
0.003951
0.003986
0.004315
0.003956
0.003829
0.003834
0.004461
0.004359
0.003873
0.003466
0.003492
0.003412
0.003452
0.003558
0.003915
0.003855
0.003824
0.003519
0.003901
0.004206
0.003889
0.003823
0.004061
0.004306
0.004126
0.004232
0.004306
0.004396
0.004283
0.004366
0.003923
0.003735
0.003722
0.003802
0.003841
0.004444
0.004419
0.004251
0.00435
0.00379
0.003745
0.004273
0.004144
0.003994
0.004028
0.004041
0.003953
0.0039
0.003908
0.00355
0.003654
0.003509
0.003468
0.003755
0.003815
0.003821
0.00453
0.004345
0.004103
0.003738
0.004001
0.004467
0.004128
0.004178
0.004312
0.004019
0.003862
0.003781
0.003802
0.004432
0.004559
0.003934
0.003931
0.003552
0.00355
0.003567
0.003597
0.003726
0.003569
0.003534
0.003916
0.004024
0.004154
0.004648
0.003876
0.004504
0.004282
0.0039
0.004476
0.004612
0.003757
0.004144
0.004144
0.003896
0.004227
0.005008
0.003746
0.004044
0.004068
0.00402
0.004131
0.004239
0.003988
0.003936
0.003774
0.003914
0.004539
0.004431
0.004354
0.004029
0.004035
0.004024
0.004212
0.004047
0.004013
0.003991
0.003854
0.003735
0.00445
0.004349
0.004303
0.004373
0.004195
0.003853
0.003733
0.004038
0.004019
0.003837
0.003985
0.004081
0.003895
0.003873
0.003708
0.003914
0.004023
0.003898
0.004458
0.003955
0.004233
0.004744
0.004071
0.005766
0.004901
0.003752
0.003953
0.004391
0.003975
0.004963
0.004063
0.004017
0.003854
0.003885
0.00445
0.003928
0.00388
0.004032
0.003909
0.004119
0.003952
0.003767
0.003964
0.004201
0.00432
0.00428
0.004516
0.004127
0.004074
0.003705
0.00444
0.004477
0.004387
0.003868
0.003856
0.003763
0.00407
0.00403
0.003918
0.003771
0.00387
0.00382
0.004193
0.003914
0.004022
0.004166
0.003949
0.003782
0.004718
0.003977
0.003836
0.003824
0.003859
0.00394
0.0039
0.003959
0.004102
0.003982
0.003688
0.003791
0.00383
0.004281
0.004164
0.004266
0.004446
0.00411
0.004056
0.004167
0.004176
0.003949
0.003934
0.003929
0.003879
0.003786
0.004442
0.004375
0.00388
0.003782
0.003833
0.003986
0.004199
0.003956
0.004115
0.0041
0.00358
0.003717
0.003838
0.003986
0.003928
0.004061
0.003923
0.00384
0.004643
0.00419
0.004374
0.004129
0.004177
0.004266
0.0044
0.004238
0.004072
0.003841
0.0039
0.003652
0.003706
0.004427
0.004531
0.003876
0.003842
0.003895
0.003922
0.003879
0.004078
0.004131
0.004046
0.003903
0.003863
0.003925
0.004283
0.006796
0.006903
0.007234
0.007391
0.004261
0.007023
0.007171
0.007356
0.007109
0.005058
0.004932
0.004116
0.003876
0.003821
0.003811
0.003968
0.003858
0.004049
0.00503
0.003861
0.00423
0.003838
0.004025
0.004056
0.003928
0.004206
0.004144
0.003948
0.00393
0.004143
0.003915
0.003945
0.003992
0.004121
0.004098
0.003877
0.004235
0.004725
0.003806
0.003864
0.00398
0.003942
0.004263
0.004785
0.004423
0.004501
0.00423
0.004277
0.004323
0.004276
0.005431
0.004359
0.003923
0.00437
0.004331
0.004333
0.004095
0.003971
0.003929
0.003886
0.004471
0.004711
0.004561
0.004345
0.003984
0.003777
0.00452
0.003857
0.003863
0.004156
0.004065
0.004182
0.004095
0.003931
0.004225
0.003876
0.003876
0.004077
0.003892
0.004203
0.004573
0.003983
0.003981
0.004155
0.004224
0.004476
0.004308
0.004214
0.004198
0.004371
0.004067
0.004273
0.004084
0.004423
0.003924
0.003923
0.003902
0.003956
0.003888
0.003963
0.004133
0.003821
0.003831
0.003815
0.004033
0.003966
0.00374
0.003819
0.003931
0.0038
0.004238
0.004192
0.004392
0.004086
0.00419
0.004363
0.004765
0.004636
0.003904
0.003854
0.003708
0.004031
0.004758
0.00583
0.004401
0.00426
0.004254
0.004116
0.003812
0.004628
0.005316
0.003894
0.004419
0.004308
0.004389
0.004531
0.004308
0.004281
0.004228
0.004255
0.004108
0.004303
0.004439
0.004268
0.004207
0.004287
0.004161
0.004048
0.004116
0.004377
0.004354
0.004378
0.00444
0.004425
0.004105
0.004292
0.004315
0.004463
0.004306
0.004232
0.004235
0.004258
0.00424
0.004429
0.003919
0.003804
0.003713
0.004193
