0.005094
0.004522
0.004405
0.004961
0.004948
0.005155
0.004373
0.004508
0.005025
0.004796
0.004784
0.008179
0.007461
0.004654
0.004833
0.004741
0.004816
0.004551
0.005223
0.004983
0.004554
0.00491
0.005249
0.005098
0.004727
0.004889
0.00484
0.004908
0.004892
0.004735
0.005689
0.004576
0.004965
0.004838
0.006337
0.004779
0.004368
0.004568
0.004695
0.004548
0.004819
0.004937
0.004496
0.004424
0.004904
0.004906
0.004728
0.0047
0.004627
0.004634
0.004389
0.004371
0.005021
0.005107
0.00485
0.004644
0.004737
0.004617
0.004398
0.005863
0.004625
0.004469
0.004402
0.004851
0.004493
0.00534
0.004611
0.004417
0.004485
0.00442
0.004753
0.004751
0.004776
0.004611
0.004461
0.004502
0.005171
0.004909
0.004769
0.005038
0.004652
0.004403
0.004312
0.00467
0.005053
0.005136
0.004971
0.004928
0.004787
0.00488
0.005005
0.0052
0.004958
0.00491
0.004893
0.005067
0.004851
0.00482
0.004944
0.004709
0.004779
0.004728
0.004457
0.004299
0.004937
0.004999
0.004677
0.004615
0.00428
0.005488
0.005143
0.004239
0.004292
0.005557
0.004577
0.00481
0.008164
0.005103
0.004284
0.007448
0.007919
0.00675
0.004487
0.005033
0.004486
0.004526
0.005579
0.004679
0.004431
0.004388
0.005474
0.004745
0.00484
0.005538
0.02278
0.005175
0.004714
0.004491
0.005179
0.004898
0.004871
0.005614
0.004478
0.004352
0.004551
0.005665
0.004614
0.004666
0.005251
0.004956
0.004467
0.00471
0.005091
0.00494
0.005197
0.004849
0.004833
0.004717
0.004939
0.005336
0.005084
0.004903
0.004541
0.005241
0.004613
0.004979
0.005053
0.00486
0.004595
0.004794
0.004899
0.004756
0.004423
0.004681
0.004832
0.004953
0.004897
0.005181
0.004834
0.004858
0.004724
0.004982
0.005108
0.005075
0.004917
0.004902
0.00462
0.00426
0.004682
0.004987
0.004737
0.004271
0.004931
0.004761
0.004751
0.005098
0.004945
0.005006
0.004924
0.004595
0.004477
0.004944
0.004814
0.004472
0.004547
0.004779
0.00436
0.004987
0.005858
0.004626
0.004305
0.004691
0.004688
0.004656
0.005713
0.004435
0.004739
0.004647
0.004447
0.004417
0.004601
0.00443
0.004598
0.004396
0.00456
0.004382
0.004315
0.004924
0.005316
0.00492
0.004955
0.005038
0.004939
0.004777
0.004982
0.004842
0.004976
0.004844
0.004799
0.005072
0.004853
0.004407
0.004687
0.004941
0.00445
0.004645
0.004735
0.004439
0.004444
0.004675
0.004756
0.004657
0.004915
0.004607
0.004549
0.004508
0.004417
0.004443
0.004997
0.005758
0.004411
0.004301
0.005155
0.004778
0.004604
0.005051
0.004535
0.00454
0.004792
0.004741
0.00443
0.004526
0.004503
0.004471
0.005137
0.004587
0.004649
0.004812
0.004481
0.004306
0.004427
0.005017
0.004483
0.004977
0.005281
0.004413
0.004459
0.004363
0.005082
0.004925
0.005862
0.004804
0.004693
0.004585
0.004419
0.004574
0.005067
0.004849
0.004524
0.004459
0.004421
0.004306
0.004395
0.005302
0.005221
0.004561
0.005731
0.004947
0.004541
0.005169
0.004617
0.004609
0.005639
0.004565
0.005209
0.005093
0.004987
0.004996
0.005128
0.005369
0.005037
0.00533
0.005102
0.004835
0.004795
0.005079
0.004739
0.004671
0.005141
0.004876
0.00483
0.004837
0.004925
0.005859
0.004767
0.004551
0.004869
0.004924
0.004625
0.004944
0.004746
0.004425
0.004349
0.004711
0.0048
0.004506
0.004528
0.004418
0.004432
0.004502
0.004869
0.004719
0.004801
0.004738
0.004477
0.004509
0.005686
0.005064
0.004985
0.004966
0.004401
0.004274
0.005459
0.004634
0.004533
0.005142
0.004437
0.004682
0.004454
0.004477
0.004637
0.004582
0.004987
0.004472
0.004486
0.005529
0.004616
0.004573
0.00461
0.00451
0.004682
0.004337
0.004747
0.004592
0.00445
0.004785
0.004368
0.004721
0.005836
0.004921
0.00498
0.004906
0.004839
0.004786
0.004992
0.004647
0.004654
0.004538
0.0045
0.004405
0.004463
0.004896
0.004932
0.004632
0.004662
0.004384
0.0046
0.004482
0.004772
0.004784
0.004876
0.004511
0.004473
0.004433
0.004601
0.004935
0.004648
0.00451
0.004483
0.004639
0.004633
0.00509
0.004724
0.004533
0.004519
0.004542
0.004526
0.005131
0.005077
0.004791
0.004524
0.004605
0.005088
0.004985
0.004917
0.005037
0.004605
0.004629
0.004364
0.004838
0.0046
0.004657
0.004687
0.004483
0.004761
0.004545
0.004686
0.004698
0.005166
0.004959
0.004902
0.004978
0.004947
0.004629
0.004925
0.004763
0.004465
0.004472
0.004765
0.004959
0.004781
0.004595
0.004674
0.004686
0.004858
0.005558
0.004613
0.00488
0.004476
0.004615
0.004699
0.005296
0.005075
0.004576
0.004541
0.004733
0.004458
0.004825
0.005051
0.00491
0.004632
0.004409
0.00463
0.004529
0.004577
0.005036
0.005208
0.004743
0.004855
0.005048
0.004992
0.004933
0.005247
0.005177
0.004945
0.005043
0.005011
0.004863
0.004623
0.0051
0.005251
0.004989
0.005102
0.004982
0.004887
0.00482
0.00482
0.00515
0.005179
0.004995
0.004918
0.005164
0.004753
0.004919
0.005364
0.005092
0.005049
0.005036
0.005032
0.004919
0.005094
0.005164
0.005366
0.004964
0.004827
0.005062
0.004984
0.004866
0.004864
0.004816
0.004525
0.004597
0.005091
0.004549
0.004371
0.004815
0.004696
0.004704
0.004595
0.004679
0.004594
0.004471
0.004367
0.004758
0.005694
0.005881
0.004811
0.00495
0.005152
0.004844
0.005411
0.005377
0.005585
0.004607
0.004401
0.005737
0.005092
0.005016
0.004985
0.005548
0.004835
0.005078
0.00549
0.004867
0.004965
0.005069
0.0052
0.005041
0.005166
0.005022
0.004923
0.005213
0.005124
0.00528
0.005039
0.004595
0.004774
0.00475
0.005004
0.005231
0.00536
0.004914
0.005117
0.005016
0.005036
0.005039
0.005231
0.005206
0.005218
0.004973
0.005124
0.004535
0.004408
0.004412
0.005346
0.004651
0.004479
0.005077
0.005592
0.004835
0.004436
0.004643
0.005064
0.004713
0.004523
0.004846
0.004756
0.004572
0.004664
0.004759
0.004805
0.004733
0.004632
0.004751
0.004557
0.004589
0.004616
0.004841
0.004787
0.004558
0.004509
0.00465
0.004675
0.004607
0.004978
0.004943
0.005155
0.005882
0.005062
0.005095
0.005004
0.004733
0.004611
0.005052
0.005091
0.005378
0.005027
0.004457
0.004427
0.005262
0.00496
0.004822
0.00468
0.004836
0.004757
0.004612
0.004967
0.005376
0.005075
0.004884
0.004583
0.00458
0.004545
0.00461
0.005024
0.004826
0.004649
0.004649
0.004689
0.005102
0.005049
0.005097
0.005268
0.005062
0.005028
0.005048
0.005054
0.004895
0.005042
0.005108
0.005073
0.004563
0.004561
0.004606
0.004535
0.004452
0.004655
0.004766
0.004908
0.004965
0.004932
0.005047
0.004839
0.004918
0.004965
0.005017
0.005048
0.004417
0.004599
0.004412
0.004738
0.004658
0.004663
0.004597
0.0045
0.004532
0.004803
0.004494
0.004526
0.004718
0.004643
0.004655
0.004673
0.004982
0.004812
0.004498
0.004953
0.005062
0.005264
0.005369
0.004807
0.004735
0.004092
0.003999
0.004403
0.004574
0.004141
0.004147
0.004111
0.004152
0.004138
0.004039
0.00431
0.004256
0.004548
0.004231
0.004445
0.004553
0.004607
0.004439
0.004384
0.004453
0.004653
0.004392
0.004324
0.005047
0.005026
0.00481
0.004835
0.005126
0.005096
0.004899
0.004715
0.004662
0.004482
0.004478
0.004703
0.004718
0.004618
0.00466
0.004671
0.004721
0.00458
0.004498
0.00448
0.004712
0.004398
0.004535
0.005032
0.004979
0.004731
0.004901
0.004984
0.005423
0.005042
0.005008
0.005034
0.004934
0.004956
0.004942
0.005226
0.004844
0.00492
0.005082
0.004781
0.004713
0.004791
0.004682
0.004217
0.00445
0.004336
0.004591
0.004437
0.004711
0.004871
0.004738
0.004547
0.007779
0.006762
0.004171
0.005217
0.008255
0.008301
0.008308
0.007383
0.00713
0.007802
0.008312
0.008093
0.005857
0.007759
0.007715
0.008149
0.00834
0.005838
0.007889
0.007876
0.008314
0.007625
0.004833
0.004942
0.00514
0.00506
0.00495
0.004436
0.004435
0.004281
0.004676
0.005056
0.005089
0.004972
0.004794
0.005161
0.004935
0.004891
0.004681
0.00473
0.005442
0.00467
0.00467
0.005139
0.005019
0.007882
0.007858
0.00821
0.005032
0.004833
0.004803
0.00482
0.004915
0.023588
0.005036
0.005147
0.005616
0.005029
0.004572
0.00483
0.004751
0.004491
0.005145
0.005289
0.004811
0.004425
0.004559
0.004951
0.004447
0.005207
0.005547
0.004932
0.00451
0.00437
0.004914
0.004972
0.004565
0.004897
0.004874
0.005112
0.004939
0.004869
0.005139
0.004758
0.00475
0.005189
0.00528
0.008259
0.00794
0.004507
0.005444
0.008108
0.008328
0.008161
0.007906
0.005708
0.005025
0.005157
0.005086
0.004994
0.004705
0.006233
0.004854
0.004604
0.005364
0.004645
0.005069
0.005444
0.004956
0.004892
0.005706
0.005083
0.004963
0.005012
0.005087
0.004878
0.004882
0.00501
0.005267
0.004837
0.004717
0.004846
0.004866
0.004773
0.004532
0.005965
0.004723
0.004525
0.004401
0.00442
0.004684
0.004535
0.0052
0.005318
0.004921
0.004861
0.004894
0.004743
0.004515
0.005301
0.004931
0.004746
0.004542
0.005007
0.004815
0.004801
0.004354
0.004523
0.005443
0.004763
0.004796
0.004897
0.004598
0.004457
0.004571
0.004825
0.004736
0.004656
0.004622
0.004641
0.004366
0.004393
0.004623
0.005248
0.00455
0.004811
0.004514
0.004507
0.004645
0.004586
0.00474
0.005192
0.004518
0.004463
0.005606
0.00451
0.00456
0.005289
0.004618
0.004716
0.005485
0.004895
0.005228
0.004957
0.004398
0.005231
0.00619
0.004719
0.0047
0.00506
0.004492
0.004347
0.005494
0.00584
0.004705
0.004943
0.00454
0.004398
0.004483
0.004503
0.005535
0.004947
0.004818
0.004787
0.004844
0.004918
0.0048
0.005103
0.00547
0.004799
0.004829
0.005118
0.004857
0.004346
0.004595
0.004583
0.004429
0.004982
0.004895
0.004683
0.004545
0.004514
0.004789
0.004675
0.004593
0.005237
0.004858
0.004911
0.00471
0.004536
0.005302
0.005158
0.004537
0.004554
0.004523
0.004836
0.004728
0.004849
0.004698
0.004537
0.004586
0.004468
0.004802
0.004569
0.004558
0.004719
0.004787
0.004396
0.004434
0.004554
0.004852
0.004428
0.004408
0.004939
0.004698
0.004697
0.004628
0.004633
0.005327
0.004489
0.004542
0.005023
0.004916
0.004866
0.005967
0.004915
0.004819
0.004821
0.005173
0.004605
0.004505
0.004485
0.004696
0.004461
0.004497
0.005285
0.004923
0.004694
0.004842
0.004417
0.004507
0.005179
0.005198
0.005422
0.004684
0.00486
0.004712
0.0054
0.004494
0.0044
0.00471
0.004607
0.005075
0.004811
0.005178
0.005069
0.004889
0.004985
0.00512
0.005174
0.004858
0.004546
0.004536
0.004485
0.004346
0.004781
0.004824
0.004625
0.004423
0.004542
0.004478
0.004441
0.004691
0.004794
0.004627
0.00468
0.004484
0.004352
0.004848
0.004725
0.004495
0.004619
0.004824
0.00446
0.004808
0.004865
0.004762
0.004566
0.004457
0.005061
0.004784
0.004596
0.004741
0.004629
0.004505
0.0044
0.004482
0.004653
0.004661
0.004667
0.004414
0.004551
0.004459
0.004366
0.004403
0.005659
0.004925
0.004817
0.00456
0.004591
0.004587
0.004576
0.004718
0.004468
0.004586
0.004533
0.004505
0.004591
0.004536
0.004484
0.004519
0.004401
0.004671
0.004547
0.004626
0.004728
0.004351
0.004392
0.004644
0.004793
0.004514
0.004647
0.004624
0.004586
0.004398
0.004564
0.005569
0.005535
0.004513
0.004611
0.004723
0.004625
0.004755
0.004984
0.004812
0.004653
0.004752
0.00494
0.004975
0.004923
0.005119
0.005112
0.004842
0.004827
0.005009
0.004816
0.00492
0.004327
0.004625
0.004644
0.005143
0.004912
0.004983
0.0051
0.004582
0.004516
0.004938
0.0049
0.004706
0.004589
0.004449
0.004337
0.004312
0.004773
0.004859
0.004997
0.004765
0.00475
0.004609
0.004745
0.004828
0.005249
0.004817
0.004638
0.004479
0.00448
0.004987
0.004441
0.004701
0.004804
0.004634
0.004308
0.004663
0.005135
0.004806
0.004914
0.004875
0.004947
0.005041
0.005099
0.005224
0.004709
0.004589
0.004678
0.004993
0.004713
0.004572
0.00454
0.004504
0.005264
0.004915
0.005345
0.005129
0.005018
0.004502
0.004543
0.00472
0.004465
0.004451
0.004519
0.004629
0.004488
0.004857
0.005265
0.004593
0.004559
0.005199
0.004768
0.004696
0.004615
0.00607
0.004736
0.004436
0.004386
0.00456
0.00492
0.004777
0.004587
0.004941
0.004542
0.004451
0.004492
0.005116
0.005031
0.004495
0.004112
0.004137
0.004054
0.004095
0.004267
0.004594
0.00454
0.004531
0.021936
0.004693
0.004961
0.004752
0.004566
0.004684
0.005061
0.004779
0.005015
0.005097
0.005127
0.004987
0.004974
0.004563
0.004363
0.004358
0.004418
0.004487
0.005067
0.005068
0.004943
0.005094
0.004541
0.004435
0.005386
0.004891
0.004803
0.00484
0.004835
0.00473
0.004594
0.004681
0.004409
0.00431
0.004214
0.004097
0.004645
0.004538
0.004501
0.005247
0.023392
0.004864
0.004397
0.004713
0.005131
0.004943
0.004871
0.005085
0.004685
0.00455
0.004507
0.004481
0.005259
0.005347
0.004696
0.004631
0.004181
0.004265
0.004307
0.004243
0.004457
0.004277
0.004162
0.004612
0.004687
0.005085
0.005313
0.004542
0.005174
0.005024
0.004623
0.005773
0.005425
0.004423
0.004893
0.004908
0.004587
0.005119
0.005739
0.004424
0.004711
0.004826
0.004706
0.004879
0.004884
0.004709
0.004553
0.004452
0.00463
0.005211
0.005078
0.00507
0.004773
0.004827
0.004746
0.00488
0.004815
0.004792
0.004752
0.004617
0.021542
0.005159
0.00508
0.005117
0.005075
0.004991
0.004532
0.00448
0.004743
0.004842
0.004542
0.004696
0.004819
0.004572
0.004487
0.004393
0.004595
0.004725
0.004646
0.005141
0.00461
0.004875
0.005436
0.004839
0.006654
0.00558
0.004424
0.004709
0.005077
0.004602
0.005612
0.004748
0.00471
0.004556
0.00459
0.005093
0.004696
0.00464
0.0048
0.021283
0.00485
0.004592
0.004521
0.004704
0.004851
0.005107
0.005097
0.005276
0.004838
0.00471
0.00435
0.005195
0.005208
0.005031
0.004562
0.004543
0.004389
0.004797
0.004795
0.004618
0.004405
0.004499
0.004496
0.004865
0.004679
0.004796
0.004978
0.004689
0.004643
0.005462
0.005032
0.004631
0.004662
0.004651
0.004811
0.00454
0.004604
0.004769
0.004619
0.004401
0.004552
0.004628
0.005088
0.004975
0.004955
0.005235
0.004875
0.004884
0.005058
0.004959
0.004674
0.004663
0.00467
0.00463
0.004495
0.005299
0.005238
0.004588
0.004453
0.004543
0.004718
0.005038
0.004713
0.004959
0.004831
0.00429
0.004492
0.004629
0.004817
0.004729
0.004854
0.004754
0.004597
0.005384
0.00494
0.005213
0.004892
0.004952
0.004963
0.005229
0.005073
0.004831
0.0046
0.004597
0.004393
0.004449
0.005283
0.005214
0.00455
0.004588
0.004652
0.004671
0.004672
0.004845
0.004895
0.004797
0.004646
0.004633
0.004718
0.005015
0.00775
0.007913
0.008196
0.008288
0.005366
0.007964
0.008153
0.008346
0.007951
0.006106
0.005622
0.004788
0.004664
0.004455
0.004519
0.004615
0.004554
0.004705
0.005754
0.004554
0.004874
0.004547
0.00482
0.004736
0.004634
0.004949
0.004852
0.004661
0.004639
0.00479
0.004611
0.004654
0.004821
0.004948
0.004817
0.00459
0.005141
0.005489
0.004525
0.004613
0.004734
0.004653
0.0051
0.00544
0.005276
0.005235
0.004854
0.004977
0.005005
0.005064
0.006176
0.005084
0.004602
0.005012
0.005047
0.004995
0.004765
0.004632
0.004603
0.004605
0.005137
0.005577
0.005255
0.005085
0.00464
0.004429
0.005289
0.004551
0.004543
0.004873
0.004826
0.005053
0.00481
0.004726
0.004935
0.004567
0.004608
0.004783
0.004612
0.005058
0.005293
0.004691
0.004726
0.004899
0.005018
0.005304
0.004995
0.005011
0.004879
0.00502
0.004828
0.005083
0.004901
0.005073
0.004613
0.004638
0.004667
0.0047
0.004691
0.004691
0.0048
0.004529
0.004526
0.004569
0.004756
0.004677
0.004415
0.00446
0.004601
0.004478
0.004942
0.004969
0.005023
0.004703
0.004914
0.005197
0.00573
0.005345
0.004647
0.004504
0.00434
0.004749
0.005749
0.006574
0.005037
0.00493
0.004993
0.004843
0.004543
0.0056
0.006017
0.004608
0.005146
0.004958
0.005205
0.005283
0.004932
0.005024
0.00496
0.005021
0.004827
0.005035
0.005136
0.004889
0.004866
0.005143
0.004965
0.004752
0.004894
0.005221
0.005129
0.00512
0.005075
0.005137
0.004823
0.004911
0.005146
0.00514
0.004897
0.004819
0.004892
0.004976
0.005084
0.00518
0.004562
0.004425
0.004357
0.00486
