0.002548
0.00174
0.001631
0.001714
0.001626
0.001533
0.001544
0.001579
0.001494
0.001483
0.001484
0.001518
0.001503
0.00154
0.001478
0.001629
0.001602
0.00155
0.001555
0.001481
0.001582
0.001559
0.001529
0.001484
0.001561
0.001551
0.001562
0.001515
0.001539
0.001527
0.001915
0.00157
0.00165
0.001596
0.001513
0.001541
0.001487
0.001534
0.001527
0.001566
0.001622
0.001506
0.001507
0.001462
0.001498
0.001482
0.001465
0.001994
0.001849
0.0017
0.001712
0.001416
0.001713
0.001513
0.001539
0.001487
0.001553
0.001507
0.001506
0.00147
0.001497
0.0015
0.001551
0.001541
0.001545
0.001577
0.001603
0.001629
0.00149
0.001482
0.001518
0.001509
0.001536
0.001493
0.001539
0.001532
0.001666
0.001566
0.001491
0.001733
0.001848
0.001593
0.001529
0.001577
0.001648
0.001559
0.001779
0.001614
0.001496
0.001467
0.001437
0.001591
0.001462
0.001691
0.001566
0.001882
0.001645
0.001698
0.001598
0.001733
0.001684
0.001744
0.001885
0.001795
0.001663
0.00164
0.001575
0.00157
0.001756
0.00151
0.001695
0.001598
0.0016
0.001581
0.001469
0.001499
0.001562
0.001435
0.001596
0.001485
0.001498
0.001555
0.00155
0.001486
0.001492
0.00166
0.00187
0.001771
0.001716
0.0018
0.001722
0.001519
0.001594
0.001619
0.00158
0.001494
0.001667
0.001485
0.001498
0.001547
0.001403
0.001796
0.00154
0.001548
0.001576
0.001477
0.001412
0.001486
0.00154
0.001413
0.001381
0.00147
0.001376
0.001387
0.001472
0.0015
0.001492
0.001531
0.001418
0.001458
0.001444
0.001424
0.001456
0.001437
0.001392
0.001377
0.001411
0.001379
0.001507
0.001454
0.001408
0.001449
0.001518
0.001464
0.001536
0.001419
0.00144
0.001443
0.001446
0.001437
0.00143
0.001411
0.001651
0.00149
0.001487
0.001517
0.001403
0.001389
0.001678
0.001411
0.001475
0.001368
0.00163
0.001469
0.001361
0.001707
0.001729
0.001732
0.001859
0.001534
0.001439
0.001524
0.001476
0.001509
0.001518
0.001441
0.001651
0.001484
0.001735
0.001598
0.001547
0.001693
0.001537
0.001503
0.001699
0.001459
0.001505
0.001526
0.001801
0.00149
0.0015
0.001689
0.00171
0.001629
0.001606
0.001725
0.00157
0.001853
0.001845
0.001598
0.00153
0.001517
0.001456
0.001522
0.001655
0.001561
0.001565
0.001524
0.001642
0.001541
0.001626
0.001525
0.00147
0.001492
0.001652
0.001589
0.001629
0.001636
0.001507
0.001481
0.001617
0.001586
0.001587
0.001591
0.001532
0.001521
0.001568
0.001495
0.001497
0.001562
0.001482
0.001616
0.001493
0.001507
0.001501
0.001516
0.001606
0.001544
0.001593
0.001513
0.001821
0.001683
0.001641
0.001513
0.001488
0.001486
0.001837
0.002478
0.001614
0.001613
0.001615
0.001637
0.001733
0.001846
0.001738
0.00156
0.00154
0.001521
0.001534
0.001481
0.001688
0.001619
0.001612
0.001525
0.001572
0.001501
0.001584
0.001595
0.00164
0.001485
0.002243
0.001465
0.001479
0.001696
0.001531
0.001498
0.001518
0.001518
0.001481
0.001576
0.001544
0.001538
0.001537
0.001514
0.001615
0.001477
0.001526
0.00144
0.0014
0.001525
0.001749
0.001525
0.001658
0.001695
0.001587
0.001727
0.001677
0.001531
0.001787
0.001515
0.001506
0.001464
0.001486
0.001459
0.001478
0.001525
0.001558
0.001594
0.001584
0.001626
0.001706
0.001634
0.001846
0.001635
0.001789
0.001766
0.001592
0.001827
0.001545
0.001483
0.001563
0.001518
0.001674
0.001546
0.001636
0.001613
0.001729
0.001508
0.001496
0.001553
0.001633
0.001524
0.001501
0.001528
0.00155
0.001524
0.001965
0.001576
0.001716
0.00167
0.001734
0.001749
0.00173
0.001756
0.001747
0.001648
0.001725
0.001729
0.00177
0.001599
0.001695
0.001708
0.001649
0.001725
0.001573
0.001667
0.001673
0.001698
0.001694
0.001502
0.0018
0.001684
0.001723
0.001623
0.001821
0.001699
0.001717
0.001657
0.001644
0.001537
0.001608
0.001522
0.001953
0.001827
0.001761
0.001505
0.00145
0.001503
0.00146
0.001497
0.001513
0.001493
0.001592
0.001725
0.001583
0.001587
0.001969
0.001747
0.001795
0.001716
0.001571
0.001727
0.001718
0.001472
0.001477
0.001493
0.001435
0.001606
0.001684
0.001827
0.00156
0.001519
0.001512
0.001514
0.001548
0.001964
0.00151
0.001461
0.001496
0.001423
0.001598
0.002026
0.001916
0.001583
0.00152
0.001671
0.001506
0.001545
0.001536
0.001545
0.001534
0.001479
0.001583
0.001566
0.001737
0.001733
0.00157
0.001843
0.001588
0.001487
0.001501
0.001669
0.001532
0.001522
0.001533
0.001522
0.001578
0.00158
0.001516
0.001557
0.00154
0.001739
0.001718
0.001707
0.001828
0.00178
0.001648
0.001668
0.001647
0.001618
0.001845
0.001838
0.001691
0.001559
0.001693
0.001605
0.001643
0.001595
0.001608
0.002013
0.001529
0.001447
0.001576
0.001874
0.001595
0.001494
0.00177
0.001468
0.001576
0.001463
0.001507
0.001525
0.00153
0.001505
0.001597
0.001588
0.001508
0.001542
0.001502
0.001481
0.001533
0.001506
0.001597
0.001511
0.001478
0.001468
0.001531
0.001499
0.001606
0.001633
0.001612
0.001541
0.001481
0.001539
0.001542
0.00149
0.001474
0.001608
0.001822
0.001695
0.001704
0.001598
0.001588
0.001658
0.001526
0.001738
0.001587
0.001823
0.001577
0.00155
0.001461
0.001475
0.00146
0.001621
0.00156
0.001483
0.001474
0.001655
0.001556
0.001953
0.001638
0.001569
0.001511
0.00153
0.001484
0.001496
0.00155
0.001554
0.001537
0.001512
0.001509
0.001543
0.001526
0.001646
0.001507
0.001877
0.001888
0.001574
0.001499
0.001578
0.001599
0.001611
0.001852
0.001642
0.00169
0.001648
0.001778
0.001682
0.001771
0.001549
0.001694
0.001742
0.001581
0.001669
0.001493
0.00166
0.001514
0.001634
0.001628
0.00151
0.001662
0.001688
0.001617
0.001564
0.001726
0.001494
0.001528
0.001529
0.001496
0.001608
0.001553
0.001625
0.001456
0.001427
0.001481
0.001687
0.001833
0.001739
0.00172
0.001734
0.001637
0.001641
0.001624
0.001795
0.001719
0.001778
0.001662
0.001477
0.001414
0.001402
0.001739
0.001457
0.001452
0.001374
0.001419
0.001536
0.001389
0.001405
0.00143
0.001459
0.001439
0.001373
0.001471
0.001418
0.001635
0.001407
0.001413
0.001504
0.001596
0.002009
0.001571
0.001537
0.001532
0.00173
0.001656
0.001563
0.001739
0.001637
0.001531
0.001694
0.001698
0.001709
0.001832
0.001791
0.001716
0.001591
0.001572
0.00165
0.001628
0.001636
0.001457
0.001452
0.001451
0.001452
0.001612
0.001613
0.001659
0.001768
0.001589
0.001618
0.001669
0.001574
0.001734
0.001583
0.001741
0.001557
0.001743
0.001593
0.001582
0.001768
0.001613
0.001553
0.001595
0.001562
0.001465
0.001578
0.001376
0.00144
0.001432
0.001367
0.001654
0.001382
0.001693
0.001507
0.001513
0.001491
0.001532
0.00147
0.001704
0.001525
0.001643
0.001538
0.001605
0.001539
0.001555
0.001566
0.00179
0.001631
0.001699
0.001624
0.001646
0.001754
0.001697
0.00163
0.001619
0.00167
0.001584
0.001783
0.00168
0.001874
0.001715
0.001567
0.001539
0.001413
0.001358
0.001364
0.001425
0.001419
0.001693
0.001473
0.001636
0.001552
0.0015
0.001466
0.001627
0.001607
0.001545
0.001545
0.001528
0.001551
0.001527
0.001498
0.001553
0.001592
0.00167
0.001587
0.001592
0.001639
0.001581
0.001437
0.001713
0.001562
0.001352
0.001365
0.001379
0.001375
0.001602
0.001622
0.001445
0.001459
0.001442
0.001404
0.001428
0.001494
0.001398
0.001331
0.001358
0.001507
0.001458
0.001548
0.001525
0.001492
0.001502
0.001504
0.001574
0.001475
0.00157
0.001462
0.001493
0.001546
0.001481
0.001478
0.001525
0.001604
0.001587
0.001506
0.001395
0.001389
0.001407
0.001384
0.001495
0.001382
0.001504
0.001474
0.001507
0.001383
0.001504
0.00145
0.00144
0.001452
0.001488
0.00151
0.001471
0.001469
0.001531
0.00146
0.00155
0.001578
0.001533
0.001517
0.001531
0.001532
0.001477
0.001523
0.00148
0.001605
0.001582
0.001479
0.001443
0.00143
0.001379
0.001418
0.001455
0.001519
0.001461
0.001421
0.00144
0.001672
0.001401
0.001422
0.001434
0.001477
0.001399
0.001538
0.002122
0.001415
0.00162
0.001571
0.001538
0.001505
0.001753
0.00151
0.001485
0.001595
0.00162
0.00145
0.001478
0.002161
0.00158
0.001518
0.001711
0.00145
0.00141
0.001719
0.00166
0.001401
0.001495
0.001699
0.001476
0.0014
0.001856
0.001482
0.001451
0.001625
0.001478
0.001385
0.001901
0.00151
0.001441
0.001508
0.001681
0.001562
0.001553
0.001551
0.001502
0.001437
0.00197
0.001529
0.001498
0.001536
0.001543
0.00143
0.001443
0.001423
0.001412
0.001373
0.001392
0.001401
0.001335
0.001667
0.001709
0.001518
0.001559
0.001485
0.001439
0.00152
0.00153
0.001537
0.001535
0.001465
0.001537
0.001588
0.001728
0.001929
0.00174
0.001632
0.001634
0.001614
0.001622
0.001632
0.001686
0.001628
0.001554
0.001448
0.001546
0.001496
0.001548
0.002459
0.002495
0.002414
0.002548
0.002602
0.002492
0.00246
0.002602
0.002609
0.002508
0.002538
0.002507
0.002447
0.002595
0.001585
0.001368
0.00211
0.001882
0.001757
0.001718
0.001579
0.001653
0.001635
0.001584
0.001737
0.001634
0.001758
0.001731
0.00178
0.001644
0.001755
0.001599
0.001652
0.001544
0.001607
0.001463
0.001627
0.001538
0.001475
0.001557
0.001669
0.001561
0.001663
0.001643
0.001495
0.001441
0.001388
0.001375
0.001559
0.001514
0.001462
0.001476
0.001453
0.001529
0.001553
0.002101
0.001883
0.001696
0.001571
0.001719
0.001572
0.001681
0.00175
0.001574
0.001379
0.001432
0.001482
0.001481
0.001442
0.001423
0.001423
0.00154
0.001478
0.001565
0.001593
0.001442
0.001539
0.00142
0.001437
0.001553
0.00163
0.001597
0.001562
0.001515
0.001492
0.001512
0.0015
0.001574
0.001567
0.001641
0.001671
0.00149
0.00158
0.001586
0.001569
0.001779
0.001579
0.001422
0.001419
0.001444
0.001388
0.001371
0.001947
0.001416
0.001405
0.001433
0.001616
0.001581
0.001498
0.001563
0.001384
0.001456
0.001557
0.001541
0.001521
0.001582
0.001484
0.001445
0.002014
0.002091
0.001563
0.001604
0.00173
0.001608
0.001502
0.001487
0.001661
0.00158
0.001638
0.00148
0.001538
0.001601
0.001415
0.001677
0.001541
0.001611
0.001442
0.001641
0.001607
0.001555
0.001633
0.001567
0.001522
0.001428
0.001414
0.001427
0.001516
0.001576
0.001842
0.001527
0.001465
0.00158
0.001496
0.001539
0.001597
0.001529
0.001581
0.001575
0.001543
0.001568
0.00149
0.001539
0.00138
0.001438
0.001434
0.001456
0.001374
0.001484
0.001465
0.001406
0.001426
0.001361
0.001527
0.00162
0.00171
0.001647
0.001472
0.001633
0.001581
0.001525
0.001563
0.001725
0.00171
0.001867
0.001766
0.001573
0.001869
0.00176
0.001586
0.001703
0.001775
0.001599
0.001681
0.001725
0.001677
0.001664
0.001772
0.00161
0.001673
0.001441
0.001439
0.001416
0.001418
0.001391
0.001379
0.001603
0.001411
0.001426
0.0014
0.001416
0.001445
0.001445
0.001412
0.001515
0.001514
0.001543
0.001487
0.00147
0.001447
0.001784
0.001619
0.001614
0.001488
0.001478
0.00157
0.001514
0.001561
0.001462
0.001478
0.001626
0.001422
0.001449
0.001449
0.001508
0.001985
0.001484
0.001751
0.00159
0.001392
0.001369
0.001346
0.001352
0.001375
0.001397
0.001376
0.001542
0.001717
0.002403
0.001524
0.001461
0.001542
0.001581
0.001555
0.001471
0.001524
0.00144
0.0015
0.001511
0.001771
0.002346
0.001552
0.001698
0.001631
0.001546
0.00166
0.001607
0.001931
0.001512
0.001531
0.001501
0.00149
0.002285
0.001723
0.001545
0.001549
0.00151
0.001668
0.001443
0.001408
0.001544
0.001455
0.001686
0.001564
0.001964
0.001531
0.001608
0.001542
0.001578
0.001577
0.001745
0.001613
0.00163
0.001462
0.001948
0.001589
0.001627
0.001606
0.001791
0.001741
0.001704
0.001642
0.001435
0.001424
0.001503
0.00148
0.001556
0.001556
0.001501
0.001512
0.001493
0.001714
0.001655
0.001737
0.001604
0.001611
0.001618
0.001705
0.001499
0.001478
0.001542
0.001543
0.001518
0.001569
0.002941
0.002755
0.00268
0.001987
0.001502
0.001441
0.001442
0.002145
0.00279
0.002519
0.002639
0.002489
0.002377
0.002402
0.002615
0.002579
0.001701
0.001417
0.001516
0.001432
0.001531
0.001455
0.001534
0.001419
0.001499
0.001391
0.001374
0.001496
0.001511
0.001591
0.001544
0.001543
0.00147
0.001532
0.001579
0.001688
0.001555
0.001587
0.00157
0.001594
0.001499
0.001538
0.001524
0.001552
0.00156
0.001389
0.001445
0.001421
0.001366
0.001368
0.001399
0.001364
0.001463
0.001403
0.001435
0.001432
0.001392
0.002074
0.001468
0.001614
0.001668
0.001482
0.001553
0.001507
0.001457
0.001519
0.001532
0.001504
0.001622
0.00163
0.001577
0.001481
0.001574
0.001499
0.001522
0.001541
0.001493
0.001449
0.001423
0.001448
0.001412
0.001419
0.001541
0.001733
0.001658
0.001549
0.001625
0.00164
0.001709
0.001606
0.001661
0.001603
0.0015
0.001583
0.001618
0.001787
0.001677
0.001687
0.001851
0.001586
0.00178
0.001726
0.001584
0.001718
0.001685
0.001916
0.001779
0.001517
0.001529
0.001394
0.001443
0.001455
0.001648
0.001441
0.001397
0.001403
0.001466
0.001434
0.00148
0.001456
0.00154
0.00147
0.001476
0.001391
0.001399
0.001463
0.001514
0.00149
0.001556
0.001559
0.001576
0.001877
0.001507
0.001527
0.001521
0.001559
0.001534
0.001509
0.001467
0.001516
0.001437
0.001442
0.001416
0.001605
0.001755
0.001558
0.001685
0.001407
0.001482
0.00143
0.001592
0.00154
0.00143
0.001424
0.001443
0.001417
0.001384
0.001539
0.001548
0.001493
0.001527
0.001485
0.001538
0.001486
0.001489
0.001482
0.001475
0.001585
0.001533
0.001506
0.001544
0.001579
0.001508
0.001648
0.001511
0.001644
0.001506
0.001542
0.001421
0.001469
0.001377
0.001442
0.001532
0.001526
0.001511
0.001461
0.001519
0.002678
0.002575
0.002429
0.001572
0.001467
0.001517
0.001505
0.001923
0.002785
0.002717
0.002948
0.002735
0.002707
0.002725
0.002712
0.001518
0.00158
0.001473
0.001461
0.001485
0.001547
0.001518
0.001559
0.001434
0.001403
0.001521
0.001494
0.001419
0.001545
0.001402
0.001463
0.00139
0.001421
0.001444
0.001425
0.001653
0.001696
0.001681
0.001498
0.00167
0.001547
0.001527
0.001566
0.001552
0.001535
0.001522
0.001502
0.001536
0.001515
0.001483
0.001488
0.001411
0.001482
0.001397
0.001443
0.001446
0.001419
0.001378
0.001406
0.001735
0.001513
0.00147
0.001425
0.001442
0.001428
0.001461
0.001515
0.001525
0.001683
0.001539
0.001551
0.002538
0.001701
0.001665
0.00169
0.001675
0.001485
0.001499
0.001474
0.00153
0.001581
0.001474
0.001602
0.001537
0.001516
0.001473
0.001546
0.001492
0.001494
0.001584
0.001514
0.001448
0.00142
0.001412
0.001339
0.001438
0.001354
0.001411
0.001513
0.00166
0.001432
0.001546
0.001499
0.001504
0.001508
0.001802
0.001536
0.001483
0.001504
0.001521
0.001552
0.001564
0.001694
0.001579
0.001573
0.001592
0.001506
0.001474
0.001438
0.001487
0.001436
0.001509
0.001511
0.001523
0.001519
0.001409
0.001422
0.001398
0.001419
0.00155
0.001504
0.001477
0.001396
0.001527
0.001518
0.001495
0.001561
0.001559
0.001531
0.001566
0.001468
0.001572
0.001561
0.001597
0.001657
0.001559
0.001464
0.001703
0.001521
0.001486
0.001577
0.00162
0.0015
0.001467
0.001531
0.001433
0.001614
0.001613
0.001591
0.001479
0.001666
0.00177
0.001634
0.001656
0.001459
0.001677
0.00154
0.001681
0.001618
0.001676
0.001481
0.001483
0.001557
0.001501
0.001524
0.001523
0.001548
0.001461
0.00151
0.001485
0.001525
0.001412
0.001518
0.001456
0.001448
0.001718
0.001523
0.001452
0.001531
0.001411
0.001531
0.001405
0.001659
0.001452
0.001433
0.00139
0.001401
0.001477
0.001493
0.001459
0.001565
0.001596
0.002325
0.001565
0.001633
0.001611
0.001558
0.001708
0.001763
0.001967
0.001574
0.001543
0.0015
0.001425
0.001423
0.001499
0.001458
0.00139
0.001429
0.001421
0.001384
0.00148
0.001561
0.001436
0.001437
0.001418
0.001459
0.001468
0.001401
0.00154
0.00157
0.001512
0.001537
0.001487
0.001566
0.001562
0.001538
0.001507
0.001529
0.001478
0.001541
0.001504
0.001526
0.001559
0.001465
0.001561
0.002345
0.001557
0.001589
0.001631
0.001416
0.001417
0.001445
0.00142
0.001401
0.001434
0.00137
0.001669
0.00136
0.001383
0.001369
0.001581
0.001494
0.001524
0.00148
0.001725
0.00163
0.001529
0.001557
0.001505
0.001544
0.001542
0.001453
0.001455
0.00147
0.001498
0.001461
0.001517
0.001593
0.001555
0.001652
0.001503
0.001628
0.001565
0.001624
0.001509
0.001543
0.001404
0.00144
0.0014
0.00151
0.00156
0.001498
0.001388
0.001593
0.001497
0.001696
0.001711
0.00154
0.001565
0.001617
0.001703
0.001782
0.001676
0.001602
0.001837
0.00149
0.001552
0.00175
0.001682
0.001452
0.001425
0.001428
0.001453
0.001474
0.001423
0.001421
0.002165
0.00147
0.001455
0.001406
0.001506
0.001488
0.00171
0.001501
0.001442
0.001539
0.00152
0.001493
0.001461
0.001524
0.001478
0.001456
0.001557
0.001556
0.002801
0.002761
0.002675
0.002784
0.001699
0.001537
0.001458
0.001604
0.002577
0.002464
0.001687
0.001458
0.001398
0.001634
0.00171
0.001469
0.001407
0.001516
0.001415
0.00225
0.001405
0.001453
0.001547
0.001537
0.001533
0.001757
0.001713
0.001715
0.001684
0.001742
0.001702
0.001738
0.001592
0.001594
0.001708
0.001681
0.001734
0.001614
0.00164
0.00145
0.001622
0.001564
0.001538
0.001538
0.00181
0.001567
0.001657
0.0014
0.001441
0.001398
0.001486
0.001423
0.001588
0.001836
0.001489
0.00165
0.001688
0.001435
0.001782
0.001565
0.001534
0.001435
0.001527
0.001431
0.001468
0.001512
0.001482
0.00162
0.001495
0.002016
0.001592
0.001608
0.001458
0.001537
0.00142
0.001622
0.001443
0.001751
0.001388
0.001362
0.001383
0.001447
0.001684
0.001733
0.001486
0.001411
0.001461
0.001408
0.001463
0.001474
0.001527
0.00158
0.001464
0.001506
0.001545
0.001547
0.001494
0.001568
0.001458
0.001625
0.001529
0.001531
0.00147
0.001501
0.001478
0.00146
0.001367
0.001645
0.001447
0.001391
0.001418
0.001439
0.001429
0.001442
0.001467
0.001549
0.001416
0.00147
0.00139
0.001426
0.001446
0.001478
0.001674
0.001565
0.001655
0.001532
0.001672
0.00157
0.001704
0.001429
0.001538
0.001539
0.001533
0.001717
0.001495
0.001492
0.001554
0.001584
0.001562
0.001453
0.00145
0.00139
0.001378
0.001398
0.001403
0.001446
0.001528
0.001638
0.001462
0.001515
0.001513
0.001432
0.001452
0.001497
0.001408
0.001498
0.001461
0.001447
0.001521
0.001805
0.001477
0.001743
0.001413
0.001487
0.001513
0.00149
0.00153
0.001491
0.001597
0.001503
0.001522
0.001391
0.001458
0.001398
0.001466
0.001431
0.001559
0.001441
0.001481
0.00142
0.001422
0.001533
0.001457
0.001559
0.001559
0.001432
0.00137
0.001527
0.001515
0.001505
0.001559
0.00153
0.00162
0.001549
0.001558
0.001559
0.001509
0.002811
0.002228
0.002821
0.002841
0.002817
0.002741
0.002481
0.002522
0.001827
0.001434
0.001744
0.002489
0.002631
0.002695
0.002524
0.002447
0.002482
0.00257
0.002611
0.00154
0.001469
0.001482
0.001545
0.001968
0.001585
0.001419
0.001527
0.00159
0.001504
0.001601
0.001555
0.001699
0.001512
0.001455
0.001479
0.001528
0.001533
0.001606
0.001573
0.00146
0.001423
0.001398
0.001393
0.001438
0.001501
0.001448
0.001388
0.001375
0.001357
0.00136
0.001508
0.001422
0.001513
0.001431
0.00136
0.001461
0.001462
0.00147
0.001469
0.001496
0.001577
0.001478
0.00175
0.001535
0.001534
0.001585
0.00155
0.0015
0.001501
0.001534
0.001537
0.00139
0.001447
0.001385
0.001394
0.001446
0.001506
0.001526
0.001485
0.001532
0.001489
0.001396
0.002094
0.001456
0.001529
0.001396
0.001364
0.001411
0.001788
0.001538
0.00159
0.001465
0.001528
0.001488
0.00165
0.001493
0.001513
0.001615
0.001544
0.00147
0.001605
0.001591
0.001452
0.001643
0.001401
0.001416
0.001468
0.002128
0.001506
0.001419
0.001434
0.001458
0.001656
0.001716
0.001745
0.001622
0.001633
0.001565
0.001517
0.001669
0.001612
0.001771
0.00172
0.001564
0.001476
0.001577
0.001575
0.001652
0.001602
0.001638
0.001654
0.001488
0.001598
0.001682
0.001642
0.001535
0.001535
0.001444
0.001743
0.001588
0.001484
0.001519
0.001408
0.00141
0.001379
0.001523
0.001434
0.001526
0.001584
0.001513
0.001387
0.001773
0.001429
0.0014
0.001466
0.001348
0.001454
0.001494
0.001519
0.001583
0.00178
0.00147
0.001555
0.0017
0.001672
0.001579
0.001578
0.00169
0.00252
0.001551
0.001649
0.001626
0.001618
0.001688
0.001587
0.001613
0.001691
0.001516
0.001621
0.001587
0.00155
0.001659
