0.007534
0.006445
0.006146
0.005821
0.00582
0.006749
0.006761
0.005886
0.005858
0.006616
0.007044
0.006708
0.005991
0.006673
0.006507
0.006667
0.006509
0.007131
0.005858
0.007039
0.005854
0.007196
0.005866
0.006873
0.005989
0.006009
0.006344
0.006332
0.006554
0.005751
0.005898
0.006044
0.0069
0.006696
0.006622
0.006547
0.006887
0.006761
0.006698
0.007048
0.006899
0.006848
0.006794
0.006714
0.006846
0.006707
0.006738
0.006927
0.007092
0.006654
0.006673
0.006511
0.006639
0.006746
0.006518
0.006193
0.006509
0.006258
0.006077
0.005907
0.005961
0.011473
0.01216
0.010328
0.010899
0.012296
0.011551
0.009526
0.010976
0.011234
0.006975
0.010381
0.005843
0.005887
0.005992
0.006014
0.006064
0.006308
0.005908
0.005913
0.005861
0.006551
0.006204
0.006419
0.006212
0.006461
0.006273
0.00663
0.006238
0.006327
0.006578
0.006086
0.006111
0.006435
0.00607
0.006101
0.006501
0.006664
0.005985
0.005818
0.005706
0.006502
0.006325
0.006665
0.005973
0.006191
0.006058
0.007003
0.007314
0.006734
0.007047
0.006094
0.006669
0.00698
0.007037
0.006835
0.006774
0.007062
0.006954
0.007049
0.006289
0.006355
0.005838
0.010115
0.006237
0.006326
0.00666
0.006161
0.00644
0.00662
0.006556
0.006607
0.006741
0.006941
0.006905
0.006674
0.006186
0.006069
0.006154
0.006193
0.006821
0.006914
0.006646
0.005989
0.007873
0.006054
0.006099
0.00606
0.008242
0.006013
0.005848
0.005885
0.006041
0.006493
0.006516
0.006786
0.006487
0.006661
0.006379
0.00708
0.006416
0.006198
0.006054
0.006032
0.006571
0.006121
0.007322
0.006336
0.006112
0.009695
0.011574
0.010843
0.006684
0.01098
0.011411
0.008097
0.010544
0.011476
0.010869
0.007883
0.007882
0.006364
0.006584
0.006583
0.006269
0.006373
0.007362
0.007027
0.006614
0.006444
0.006641
0.006584
0.00884
0.008798
0.006841
0.009192
0.011124
0.006698
0.005872
0.006548
0.006002
0.006915
0.006319
0.006544
0.006692
0.006608
0.006664
0.006492
0.006355
0.005877
0.006527
0.006584
0.00718
0.007177
0.007335
0.006539
0.006421
0.007084
0.007022
0.006574
0.006397
0.006622
0.006839
0.006691
0.006774
0.006665
0.008046
0.005933
0.006616
0.006752
0.007506
0.00659
0.006068
0.006586
0.006793
0.00677
0.006313
0.006317
0.006078
0.006985
0.006847
0.006701
0.006779
0.009003
0.011155
0.011321
0.006432
0.010508
0.011745
0.009437
0.009657
0.011689
0.011272
0.008143
0.011615
0.007042
0.007495
0.006728
0.006789
0.006788
0.006618
0.006825
0.006527
0.006855
0.006637
0.007285
0.006951
0.006889
0.0069
0.006384
0.006928
0.006719
0.006608
0.006762
0.007167
0.006881
0.006761
0.006656
0.007406
0.006975
0.006678
0.006771
0.009601
0.011041
0.005855
0.006614
0.006455
0.006707
0.006518
0.006892
0.006594
0.00679
0.006198
0.006301
0.006185
0.006236
0.006518
0.006546
0.006968
0.006485
0.00692
0.006684
0.006934
0.006326
0.006101
0.006251
0.007692
0.006491
0.007168
0.007157
0.007763
0.006524
0.006386
0.006525
0.007685
0.00639
0.006576
0.00673
0.00781
0.006554
0.006673
0.006455
0.007357
0.006709
0.006157
0.006073
0.005926
0.006899
0.006775
0.006577
0.006632
0.0064
0.005969
0.006653
0.006472
0.006758
0.006468
0.00577
0.006229
0.006065
0.007681
0.00653
0.006534
0.006543
0.007136
0.006873
0.006145
0.006118
0.006754
0.006317
0.00679
0.006696
0.005831
0.006009
0.006024
0.006023
0.006283
0.00691
0.010296
0.011552
0.011342
0.006513
0.006701
0.00603
0.005918
0.006715
0.006467
0.006657
0.006593
0.006636
0.006313
0.006079
0.006246
0.006942
0.006327
0.005893
0.006134
0.006862
0.006899
0.005821
0.005767
0.00605
0.00656
0.006105
0.006156
0.005937
0.006076
0.006907
0.006706
0.006502
0.006581
0.006688
0.006585
0.006326
0.006727
0.005996
0.00616
0.006208
0.005971
0.006139
0.005997
0.00619
0.005978
0.006344
0.006923
0.006569
0.006502
0.006929
0.006783
0.006632
0.006468
0.006333
0.006724
0.006627
0.006655
0.006686
0.006579
0.0068
0.006666
0.006489
0.006765
0.006515
0.006597
0.006689
0.006503
0.007
0.006482
0.0066
0.00654
0.006657
0.006937
0.006481
0.00667
0.006799
0.006617
0.006664
0.006586
0.007067
0.006376
0.006302
0.006372
0.006258
0.006427
0.006055
0.006123
0.005922
0.005906
0.005811
0.005957
0.006264
0.006582
0.006345
0.006211
0.0063
0.006462
0.006471
0.005645
0.005538
0.005591
0.006388
0.006345
0.006296
0.006139
0.006321
0.006444
0.006543
0.005884
0.005839
0.006629
0.006445
0.006612
0.006306
0.006453
0.005959
0.005943
0.006078
0.006829
0.006089
0.005808
0.006471
0.006541
0.006362
0.006149
0.006142
0.006406
0.006766
0.006795
0.006196
0.005747
0.006498
0.006008
0.006321
0.006403
0.006718
0.008119
0.010752
0.011203
0.006843
0.010528
0.011155
0.010675
0.008676
0.011088
0.011198
0.00604
0.010794
0.006524
0.006322
0.005955
0.006712
0.006654
0.006615
0.006444
0.006526
0.006471
0.006314
0.006594
0.006226
0.005988
0.005892
0.006581
0.006253
0.006542
0.005956
0.005817
0.006585
0.00803
0.005913
0.005942
0.00577
0.008046
0.005965
0.007236
0.00581
0.006199
0.006173
0.006707
0.006657
0.006598
0.006615
0.006704
0.006645
0.006451
0.006628
0.006561
0.006399
0.006903
0.006643
0.006842
0.006493
0.006403
0.006378
0.006212
0.006396
0.00668
0.006315
0.006149
0.006372
0.006291
0.006964
0.00643
0.006877
0.006294
0.006638
0.006741
0.006393
0.006664
0.006667
0.008159
0.006489
0.006755
0.007415
0.007054
0.006522
0.006563
0.00604
0.00638
0.006565
0.006585
0.006855
0.00663
0.00667
0.006656
0.0066
0.006419
0.006286
0.006686
0.006697
0.007517
0.006303
0.005996
0.006075
0.006466
0.006291
0.006274
0.006014
0.008464
0.007269
0.00761
0.00725
0.007899
0.006433
0.007549
0.006477
0.006687
0.006348
0.00677
0.006334
0.006116
0.00598
0.006452
0.00675
0.006607
0.006556
0.006544
0.006911
0.006052
0.006501
0.00619
0.006251
0.00594
0.006644
0.006647
0.006445
0.006738
0.006446
0.006565
0.006187
0.007015
0.006436
0.006361
0.006272
0.006254
0.006476
0.005945
0.005988
0.006911
0.006665
0.006385
0.006016
0.006035
0.006814
0.006901
0.006344
0.005911
0.006562
0.006665
0.006506
0.006578
0.006526
0.006366
0.006204
0.006139
0.006141
0.007372
0.006108
0.006144
0.006109
0.006854
0.006756
0.006663
0.006633
0.006578
0.005932
0.006246
0.00583
0.005856
0.006639
0.006043
0.00591
0.006123
0.006019
0.005929
0.006133
0.006343
0.006059
0.007189
0.006019
0.00668
0.006168
0.006164
0.006402
0.006104
0.00595
0.007459
0.006718
0.00637
0.006228
0.00611
0.00634
0.00632
0.006089
0.006487
0.006962
0.006663
0.006057
0.006165
0.00677
0.006667
0.006791
0.006718
0.006975
0.006771
0.006039
0.006212
0.006985
0.00656
0.006317
0.006571
0.006303
0.006309
0.006278
0.006157
0.006226
0.006081
0.008105
0.006346
0.005896
0.006464
0.006713
0.006426
0.006224
0.006047
0.006072
0.006511
0.006331
0.006079
0.006983
0.005807
0.006726
0.005995
0.006305
0.005856
0.006047
0.006788
0.006174
0.006166
0.006221
0.006327
0.006298
0.007098
0.006517
0.006283
0.006316
0.007326
0.006279
0.006958
0.006818
0.006522
0.006821
0.006239
0.00637
0.006253
0.006194
0.006728
0.006527
0.006491
0.006847
0.006609
0.006744
0.006913
0.00628
0.010599
0.011476
0.009386
0.007754
0.007135
0.006484
0.006746
0.006638
0.006554
0.006761
0.0062
0.005947
0.006361
0.005978
0.006137
0.006196
0.006144
0.006236
0.006207
0.006789
0.006184
0.006323
0.006879
0.007193
0.006623
0.00659
0.006166
0.006051
0.006018
0.006319
0.006301
0.007435
0.005793
0.005921
0.00589
0.007427
0.006877
0.006657
0.006725
0.006692
0.006647
0.006658
0.006156
0.006199
0.006677
0.006752
0.005993
0.005918
0.006845
0.006248
0.006121
0.006125
0.007387
0.007153
0.007637
0.006015
0.005974
0.006068
0.005855
0.006478
0.006201
0.00628
0.006526
0.006713
0.006472
0.006591
0.006567
0.006872
0.00671
0.006491
0.006676
0.0064
0.006886
0.006548
0.006362
0.006183
0.006408
0.00677
0.00671
0.006185
0.006149
0.005882
0.005909
0.006092
0.005858
0.006532
0.006658
0.006447
0.006716
0.006593
0.006585
0.006491
0.006548
0.007461
0.006292
0.006407
0.006226
0.006182
0.006229
0.006068
0.006017
0.006223
0.006439
0.006505
0.006799
0.006592
0.006619
0.006574
0.006796
0.006592
0.006618
0.005943
0.005857
0.006008
0.007107
0.006558
0.006357
0.00663
0.006588
0.006595
0.006572
0.007389
0.006312
0.006112
0.00608
0.006017
0.006046
0.006303
0.007407
0.007243
0.006203
0.006682
0.006588
0.006388
0.006201
0.006021
0.007017
0.006539
0.006599
0.006448
0.006247
0.005858
0.005843
0.006442
0.005907
0.006687
0.0066
0.007171
0.006267
0.00612
0.005949
0.006144
0.006792
0.006509
0.006612
0.00637
0.006811
0.006537
0.006085
0.005895
0.005823
0.006231
0.006323
0.006479
0.006098
0.0061
0.005972
0.006473
0.006095
0.006597
0.006207
0.006383
0.006426
0.006046
0.006266
0.006138
0.006579
0.006472
0.006975
0.006559
0.006751
0.006448
0.006657
0.00643
0.006222
0.006047
0.006001
0.006043
0.006767
0.006138
0.006629
0.00612
0.006014
0.006028
0.005845
0.006199
0.006549
0.006689
0.005975
0.006869
0.006171
0.006726
0.006476
0.006704
0.00667
0.00651
0.006632
0.006447
0.00675
0.00673
0.006799
0.006537
0.006869
0.006552
0.006763
0.006506
0.006695
0.006613
0.006965
0.006771
0.006878
0.006238
0.006478
0.006044
0.006717
0.006402
0.006519
0.006559
0.006629
0.006712
0.006352
0.00587
0.005817
0.007141
0.0066
0.006661
0.006016
0.006147
0.006
0.007145
0.006517
0.006067
0.005948
0.006142
0.005975
0.006046
0.006197
0.006092
0.006343
0.00598
0.00616
0.006102
0.006779
0.006738
0.006669
0.007027
0.006839
0.006676
0.0064
0.006032
0.006605
0.006075
0.005947
0.005875
0.005837
0.006328
0.005854
0.006128
0.006586
0.006623
0.006618
0.006484
0.006259
0.006652
0.006456
0.00642
0.006833
0.006618
0.006529
0.006391
0.00658
0.006508
0.006486
0.006104
0.005902
0.006109
0.006323
0.006386
0.00623
0.006615
0.010737
0.011371
0.011017
0.006615
0.006385
0.007704
0.006677
0.006288
0.006099
0.006196
0.006301
0.00687
0.006563
0.006061
0.006056
0.006649
0.006527
0.006209
0.006756
0.006321
0.01142
0.009349
0.006252
0.010854
0.011396
0.009156
0.010764
0.011487
0.010689
0.008888
0.00681
0.00636
0.006664
0.006463
0.006605
0.006993
0.00639
0.006135
0.005838
0.005795
0.006322
0.006002
0.006113
0.005974
0.006541
0.006573
0.006165
0.006013
0.006472
0.005872
0.005965
0.006218
0.006201
0.006616
0.006896
0.006669
0.006679
0.006551
0.006896
0.006791
0.006005
0.006268
0.006136
0.006726
0.006456
0.006459
0.006401
0.006088
0.006789
0.006754
0.006502
0.006628
0.006541
0.010032
0.011412
0.011441
0.008653
0.011179
0.011553
0.006553
0.010666
0.011581
0.008924
0.007912
0.00645
0.006672
0.006531
0.006531
0.006517
0.006882
0.006595
0.006632
0.006136
0.005887
0.006505
0.008268
0.008557
0.006286
0.006666
0.006245
0.006152
0.006031
0.006986
0.00654
0.006294
0.006604
0.006698
0.006693
0.006864
0.006496
0.006426
0.006288
0.006584
0.005919
0.00678
0.006029
0.006132
0.006513
0.007016
0.006277
0.006159
0.006115
0.00655
0.006994
0.006614
0.006993
0.006081
0.01067
0.011406
0.010874
0.00915
0.01111
0.010936
0.007122
0.006448
0.005809
0.006631
0.00684
0.006333
0.006383
0.005969
0.006539
0.006348
0.006116
0.006573
0.006205
0.006561
0.006766
0.006653
0.006885
0.00625
0.006104
0.006349
0.006862
0.007252
0.006213
0.005935
0.006101
0.006432
0.006353
0.00653
0.005914
0.006207
0.006346
0.006115
0.006229
0.006694
0.006267
0.006597
0.005993
0.006384
0.006004
0.006445
0.006648
0.006477
0.006581
0.006232
0.006228
0.00617
0.006327
0.006364
0.006227
0.005964
0.006031
0.006859
0.006613
0.006433
0.005937
0.006236
0.008289
0.006225
0.006031
0.006016
0.006875
0.006668
0.00656
0.006534
0.006169
0.006614
0.006508
0.006598
0.006187
0.006739
0.006168
0.006113
0.007292
0.006506
0.006406
0.005927
0.006222
0.006972
0.006578
0.006742
0.00665
0.007306
0.006806
0.006349
0.006133
0.00665
0.006842
0.006985
0.006538
0.006628
0.011537
0.007717
0.006136
0.010869
0.011627
0.009885
0.010497
0.011624
0.007533
0.007174
0.00666
0.006595
0.006645
0.006729
0.006386
0.006618
0.006624
0.006774
0.006411
0.006224
0.006672
0.006148
0.006088
0.009549
0.01122
0.011491
0.011023
0.009816
0.006278
0.005912
0.006188
0.005975
0.006783
0.00683
0.006319
0.006339
0.006602
0.005898
0.005925
0.005942
