0.008394
0.007177
0.006778
0.006464
0.006454
0.00749
0.00739
0.006561
0.006532
0.00735
0.007688
0.00746
0.006614
0.007357
0.007136
0.007287
0.007109
0.00775
0.006529
0.007682
0.006509
0.007956
0.006479
0.007561
0.006637
0.006659
0.006976
0.006991
0.007157
0.006341
0.006547
0.006717
0.007538
0.007263
0.007301
0.007278
0.007501
0.007378
0.007275
0.007652
0.007478
0.007443
0.007359
0.007289
0.007431
0.007307
0.007307
0.0075
0.007706
0.007306
0.007306
0.007263
0.007272
0.007363
0.007198
0.006855
0.00709
0.006834
0.006652
0.006543
0.006606
0.012322
0.012999
0.010964
0.011749
0.013152
0.012145
0.010355
0.011837
0.012015
0.007705
0.010953
0.006421
0.006419
0.006518
0.006681
0.0067
0.006921
0.006526
0.006511
0.006445
0.007166
0.006871
0.006986
0.006879
0.007239
0.006963
0.007368
0.006892
0.007042
0.007272
0.006745
0.024419
0.007052
0.006779
0.006742
0.007111
0.007371
0.006589
0.006389
0.006376
0.00726
0.007088
0.007238
0.006545
0.006843
0.00675
0.007633
0.007956
0.007474
0.007877
0.006714
0.007304
0.007656
0.007638
0.007581
0.007632
0.025336
0.007522
0.007612
0.006864
0.006918
0.006619
0.01082
0.006824
0.006991
0.007314
0.006773
0.007037
0.00741
0.007175
0.00736
0.007443
0.00768
0.007553
0.007396
0.006753
0.006791
0.006904
0.006774
0.007454
0.007512
0.007335
0.006592
0.008486
0.0067
0.006695
0.006655
0.008875
0.006604
0.006469
0.006513
0.006624
0.007191
0.007244
0.007394
0.007199
0.007389
0.007159
0.007784
0.007179
0.00692
0.006738
0.006677
0.007158
0.006781
0.007964
0.006954
0.006767
0.010587
0.012374
0.011557
0.007563
0.011815
0.01227
0.008726
0.011439
0.012296
0.0115
0.008731
0.008534
0.007002
0.007212
0.007149
0.006847
0.006955
0.008099
0.007689
0.007299
0.007128
0.007304
0.007157
0.009649
0.009466
0.00752
0.01005
0.011888
0.007349
0.006566
0.007229
0.006614
0.007613
0.007001
0.007171
0.007437
0.007274
0.007388
0.007295
0.00704
0.006602
0.007305
0.00735
0.007939
0.007834
0.008069
0.007203
0.007091
0.007855
0.007811
0.007278
0.007077
0.007325
0.007516
0.007468
0.007459
0.00742
0.008672
0.006576
0.007338
0.00736
0.008124
0.007288
0.00671
0.007269
0.007477
0.007441
0.007217
0.006996
0.006752
0.007662
0.007494
0.007426
0.007394
0.00986
0.012155
0.012248
0.007396
0.011526
0.012697
0.010114
0.010542
0.012665
0.012018
0.009062
0.012495
0.007759
0.008113
0.007348
0.007441
0.007395
0.007314
0.007439
0.007194
0.007427
0.00723
0.007878
0.007618
0.00759
0.007552
0.007046
0.007572
0.00743
0.007341
0.007418
0.007908
0.007681
0.007384
0.007358
0.008095
0.007668
0.00741
0.00741
0.010537
0.011939
0.006479
0.0073
0.007224
0.007421
0.007288
0.007747
0.007363
0.007566
0.006949
0.006981
0.006841
0.006917
0.007353
0.007278
0.007708
0.007321
0.007742
0.007376
0.007632
0.007043
0.00676
0.006967
0.008395
0.007337
0.007982
0.007965
0.008446
0.007187
0.00702
0.007156
0.008296
0.007062
0.007206
0.007418
0.008467
0.007429
0.007342
0.007087
0.007978
0.007381
0.006818
0.006718
0.006542
0.007669
0.007546
0.007311
0.007237
0.007116
0.006711
0.00743
0.00715
0.007452
0.007183
0.006427
0.006841
0.006731
0.008296
0.007192
0.007222
0.00721
0.007772
0.007607
0.006806
0.006966
0.007423
0.00696
0.007572
0.007367
0.006526
0.006705
0.006729
0.006695
0.007014
0.007562
0.011355
0.01257
0.033786
0.00727
0.025409
0.006831
0.006653
0.007496
0.007218
0.007434
0.007441
0.007355
0.007026
0.006738
0.006933
0.007678
0.007004
0.006581
0.006828
0.007637
0.007618
0.006488
0.006472
0.006705
0.007263
0.006803
0.0068
0.006703
0.006752
0.00769
0.007564
0.007286
0.007294
0.007599
0.007383
0.007097
0.007464
0.006755
0.006828
0.006855
0.006604
0.006824
0.006619
0.006798
0.006619
0.00702
0.007676
0.007251
0.007217
0.007684
0.007468
0.007261
0.007214
0.007125
0.007383
0.007398
0.007306
0.007513
0.007243
0.007529
0.007466
0.00717
0.007598
0.007261
0.007378
0.007329
0.007247
0.007613
0.007099
0.007324
0.007196
0.007288
0.007573
0.007156
0.007315
0.007458
0.007412
0.00735
0.00739
0.007751
0.007088
0.006953
0.007057
0.006969
0.007112
0.006714
0.006766
0.006624
0.006574
0.006468
0.006663
0.006908
0.007379
0.00707
0.006954
0.007089
0.007275
0.007189
0.006313
0.006178
0.006257
0.007126
0.007028
0.006982
0.006853
0.007056
0.007174
0.007198
0.006582
0.006526
0.007413
0.007244
0.00737
0.007126
0.007288
0.006633
0.006676
0.006748
0.007455
0.006733
0.006552
0.00724
0.007321
0.007116
0.006766
0.006805
0.007126
0.007494
0.007583
0.006821
0.006397
0.007143
0.006673
0.007069
0.007168
0.00744
0.008999
0.01165
0.012098
0.0075
0.011496
0.012078
0.011319
0.009539
0.012011
0.012065
0.006986
0.01169
0.007228
0.007033
0.006601
0.007324
0.00737
0.007223
0.007161
0.007172
0.007098
0.007064
0.007313
0.006906
0.006687
0.006624
0.007257
0.006924
0.007282
0.006597
0.006553
0.007364
0.008755
0.0066
0.006616
0.006466
0.027228
0.006612
0.007931
0.006515
0.006919
0.006901
0.007521
0.007424
0.007386
0.007393
0.007499
0.007541
0.025549
0.007424
0.007333
0.007246
0.007653
0.007344
0.007524
0.007164
0.007251
0.007102
0.006894
0.007178
0.007349
0.007074
0.006903
0.007087
0.007
0.007722
0.007157
0.007833
0.006976
0.007306
0.007453
0.007118
0.007276
0.007352
0.008847
0.007231
0.007552
0.00837
0.007779
0.007381
0.007381
0.006799
0.007061
0.007339
0.007261
0.007516
0.007379
0.007437
0.007457
0.007369
0.007145
0.007071
0.007387
0.007461
0.008215
0.007033
0.006726
0.00679
0.007167
0.006939
0.006978
0.006672
0.009419
0.008103
0.008441
0.0079
0.008711
0.00715
0.008243
0.007205
0.007592
0.007028
0.007471
0.007068
0.006814
0.006671
0.007107
0.007502
0.007392
0.007335
0.007291
0.007608
0.00677
0.007207
0.00686
0.007011
0.006594
0.007441
0.00732
0.007182
0.007518
0.007117
0.007311
0.006945
0.007758
0.007159
0.007023
0.00694
0.006964
0.007177
0.006731
0.006661
0.007688
0.007414
0.007114
0.006696
0.006792
0.00747
0.007671
0.007055
0.00663
0.007345
0.00741
0.007263
0.007357
0.007296
0.007099
0.006917
0.006848
0.006899
0.008023
0.006816
0.006867
0.006887
0.007675
0.007528
0.007466
0.007421
0.007307
0.006599
0.006907
0.006518
0.006573
0.007338
0.006757
0.006611
0.006835
0.006869
0.023653
0.006854
0.007062
0.006776
0.007911
0.006689
0.007418
0.006925
0.024477
0.007181
0.006773
0.006643
0.008121
0.007456
0.024739
0.007102
0.006887
0.007102
0.007059
0.006854
0.007332
0.007858
0.025781
0.006833
0.006912
0.007549
0.00752
0.007571
0.007561
0.024878
0.007605
0.006867
0.006994
0.007857
0.007388
0.007159
0.007447
0.007135
0.007011
0.007036
0.006859
0.006947
0.006763
0.008869
0.007034
0.006686
0.007401
0.007493
0.007259
0.006956
0.006807
0.006824
0.007214
0.007065
0.006775
0.007634
0.006518
0.007617
0.007032
0.007113
0.00655
0.006758
0.007597
0.007148
0.007
0.007026
0.007048
0.006949
0.007747
0.007229
0.00698
0.024539
0.008125
0.006968
0.007802
0.007603
0.00736
0.025809
0.007051
0.007111
0.007055
0.006956
0.007526
0.007307
0.007167
0.007553
0.025639
0.007597
0.007819
0.007017
0.011756
0.012654
0.010206
0.008739
0.007942
0.007281
0.007538
0.007406
0.007308
0.007628
0.023776
0.006675
0.007078
0.006678
0.007028
0.007088
0.006817
0.006907
0.006868
0.007534
0.006848
0.007085
0.007624
0.008066
0.026204
0.007371
0.006933
0.006904
0.024728
0.006981
0.006963
0.008137
0.006482
0.006581
0.006587
0.008442
0.007618
0.007419
0.007513
0.007381
0.007305
0.007446
0.006904
0.006932
0.007477
0.007589
0.006805
0.00685
0.007855
0.006951
0.006881
0.00689
0.025263
0.007892
0.00837
0.006783
0.006745
0.006772
0.006534
0.007256
0.006904
0.006999
0.007303
0.007524
0.007279
0.00739
0.007387
0.007581
0.007467
0.007312
0.007471
0.007214
0.00754
0.007291
0.007094
0.006834
0.007132
0.007427
0.007497
0.006907
0.006891
0.006545
0.006711
0.006832
0.006599
0.007237
0.007257
0.007069
0.007439
0.007299
0.007232
0.007253
0.00733
0.008204
0.006937
0.007089
0.006964
0.006846
0.006839
0.006747
0.006681
0.006986
0.025419
0.00732
0.007456
0.007417
0.025728
0.007227
0.007589
0.007373
0.007337
0.006628
0.006529
0.006641
0.007794
0.007315
0.007171
0.007388
0.007393
0.00728
0.007358
0.008197
0.00696
0.006928
0.006751
0.006741
0.006773
0.006977
0.008262
0.008156
0.00698
0.007528
0.024836
0.007385
0.007051
0.024784
0.007842
0.007561
0.007379
0.007166
0.006923
0.006543
0.00652
0.007088
0.006564
0.007424
0.007255
0.008227
0.006959
0.006848
0.006612
0.006939
0.007576
0.007277
0.007404
0.007053
0.007606
0.007398
0.007043
0.006589
0.006545
0.007126
0.007101
0.007228
0.006793
0.006825
0.006673
0.007219
0.006867
0.024871
0.006906
0.007108
0.00722
0.006874
0.007024
0.006904
0.007423
0.007141
0.007634
0.007322
0.007507
0.007182
0.007426
0.007253
0.007073
0.006921
0.006712
0.006748
0.007635
0.006919
0.007423
0.006833
0.006977
0.006727
0.006522
0.006855
0.007242
0.007379
0.006716
0.024684
0.006893
0.007473
0.007251
0.007463
0.007376
0.007287
0.007443
0.007388
0.007428
0.007449
0.007579
0.007304
0.007578
0.00733
0.025907
0.007302
0.00753
0.007413
0.007632
0.025771
0.007568
0.007038
0.007166
0.006814
0.007389
0.007141
0.0073
0.007423
0.025824
0.00745
0.007028
0.006554
0.006503
0.007809
0.007408
0.007477
0.006749
0.006885
0.006722
0.007829
0.007232
0.006815
0.023859
0.006839
0.006688
0.006802
0.006888
0.006808
0.007005
0.023884
0.006852
0.006773
0.007461
0.007414
0.007526
0.007764
0.007721
0.007335
0.00711
0.006697
0.007278
0.006731
0.00678
0.006619
0.006584
0.007084
0.006598
0.006927
0.00732
0.007615
0.007401
0.007265
0.006912
0.007318
0.007171
0.008301
0.00765
0.007473
0.007349
0.007187
0.00739
0.007358
0.007649
0.00684
0.006601
0.006813
0.007034
0.007309
0.006959
0.007418
0.01188
0.012332
0.01203
0.007393
0.007155
0.008597
0.007356
0.007004
0.006877
0.006894
0.007027
0.007698
0.007486
0.006821
0.006776
0.007311
0.007252
0.007026
0.007537
0.007069
0.012466
0.010091
0.00734
0.012019
0.012513
0.009994
0.011813
0.012463
0.011444
0.009851
0.007592
0.007159
0.007519
0.007343
0.007444
0.007711
0.007312
0.006828
0.006557
0.006814
0.007187
0.00705
0.006814
0.006672
0.007303
0.007422
0.006971
0.00687
0.007458
0.006623
0.00669
0.024755
0.006902
0.007303
0.007543
0.00739
0.007352
0.00738
0.00774
0.007571
0.006656
0.006997
0.006779
0.007863
0.007133
0.007199
0.007103
0.006862
0.007538
0.007514
0.007355
0.007421
0.007402
0.010895
0.012425
0.012439
0.009807
0.012222
0.012474
0.007438
0.011677
0.01257
0.009675
0.008582
0.007298
0.007555
0.007376
0.007299
0.007322
0.007737
0.007241
0.007405
0.006805
0.023879
0.007171
0.009087
0.009265
0.006957
0.007383
0.006902
0.006927
0.006856
0.00779
0.007414
0.02482
0.007274
0.007465
0.007465
0.007652
0.007182
0.007117
0.007207
0.024983
0.006621
0.007497
0.006742
0.006878
0.007301
0.007669
0.00694
0.00694
0.006841
0.007497
0.007797
0.007289
0.00768
0.006903
0.011687
0.012511
0.011612
0.010082
0.035444
0.011903
0.00775
0.007024
0.006481
0.007331
0.007864
0.007058
0.007062
0.006655
0.007341
0.007075
0.006841
0.007449
0.00697
0.00725
0.007545
0.007437
0.007524
0.007092
0.006761
0.007002
0.007582
0.007927
0.007011
0.006668
0.00681
0.007256
0.007213
0.007226
0.00651
0.007134
0.007284
0.006767
0.006986
0.007424
0.006959
0.007329
0.006754
0.007123
0.006713
0.007185
0.007412
0.007237
0.00755
0.006933
0.006917
0.006855
0.007067
0.007137
0.00697
0.006613
0.006942
0.007579
0.007279
0.007188
0.006719
0.006987
0.009024
0.006957
0.00677
0.006903
0.007643
0.007315
0.007374
0.00733
0.006849
0.007476
0.007235
0.007334
0.006918
0.007463
0.006821
0.006844
0.008331
0.007497
0.007197
0.00664
0.007007
0.007772
0.025908
0.007426
0.007376
0.008088
0.007532
0.007042
0.006813
0.007452
0.007534
0.007842
0.007335
0.00737
0.012522
0.008365
0.007172
0.011899
0.012724
0.01058
0.011597
0.012674
0.008387
0.008077
0.007461
0.007419
0.007381
0.007387
0.007046
0.007415
0.007337
0.007498
0.007135
0.007019
0.007358
0.006809
0.006829
0.010461
0.012313
0.012474
0.011773
0.010802
0.006926
0.006605
0.006795
0.006757
0.007592
0.007665
0.007019
0.007038
0.007437
0.006591
0.006641
0.006646
