0.001888
0.001205
0.001135
0.001158
0.001095
0.001154
0.001207
0.001051
0.001236
0.001101
0.001152
0.001108
0.001142
0.001181
0.001111
0.001133
0.001182
0.001125
0.001174
0.001201
0.001143
0.001468
0.001925
0.001215
0.001215
0.001222
0.001236
0.001405
0.001209
0.001171
0.001215
0.001169
0.00121
0.001265
0.0013
0.001485
0.001273
0.001324
0.001328
0.001283
0.001226
0.001151
0.001249
0.001189
0.001376
0.001203
0.001177
0.001303
0.001357
0.001168
0.001317
0.00138
0.001106
0.001313
0.001168
0.001164
0.001143
0.001461
0.001114
0.00118
0.001249
0.001098
0.001114
0.001062
0.001045
0.00109
0.001095
0.001074
0.001066
0.001072
0.001084
0.001085
0.001057
0.001122
0.001058
0.001048
0.001062
0.001106
0.001128
0.0013
0.001064
0.001435
0.001469
0.001161
0.001161
0.001149
0.001164
0.001184
0.001164
0.001341
0.001212
0.001234
0.001183
0.001287
0.001182
0.001509
0.001249
0.00119
0.001155
0.001223
0.001163
0.001172
0.001269
0.001193
0.001241
0.001169
0.001138
0.001158
0.0012
0.001256
0.001301
0.001258
0.001223
0.001195
0.001431
0.001159
0.001304
0.001232
0.001228
0.001287
0.001171
0.001186
0.001176
0.00118
0.001185
0.001263
0.001196
0.00146
0.001274
0.001244
0.001233
0.001077
0.001073
0.001053
0.001049
0.00105
0.001082
0.001045
0.001043
0.001061
0.001078
0.001068
0.001117
0.001191
0.001154
0.001077
0.001068
0.001202
0.001092
0.001087
0.001271
0.001076
0.001073
0.00107
0.001149
0.001221
0.001256
0.001273
0.001116
0.001123
0.001083
0.001113
0.001123
0.00118
0.001166
0.001182
0.001208
0.00115
0.001133
0.001371
0.001124
0.001193
0.001144
0.001329
0.00173
0.001113
0.001112
0.001091
0.00118
0.001146
0.001196
0.001227
0.001257
0.001114
0.001299
0.001134
0.001236
0.001136
0.001254
0.001365
0.001191
0.001199
0.001361
0.001167
0.00131
0.001186
0.001236
0.001166
0.001189
0.001221
0.001247
0.001327
0.001268
0.001292
0.00119
0.001096
0.001118
0.00109
0.001091
0.001111
0.001116
0.001119
0.001075
0.001112
0.00107
0.001078
0.00109
0.001154
0.001349
0.001382
0.001255
0.001118
0.001131
0.001096
0.001126
0.001254
0.001113
0.001126
0.001095
0.001374
0.001111
0.00107
0.001456
0.001862
0.001735
0.002077
0.001996
0.001913
0.001987
0.002106
0.001942
0.001847
0.001953
0.002007
0.00209
0.001339
0.001049
0.00194
0.001961
0.002026
0.001852
0.002013
0.001968
0.002073
0.001358
0.001254
0.001153
0.001039
0.001173
0.001219
0.001175
0.001129
0.001121
0.001124
0.001148
0.001099
0.00128
0.001212
0.001254
0.001334
0.001176
0.001146
0.001105
0.001127
0.001113
0.00117
0.001075
0.001096
0.001079
0.001108
0.001096
0.001074
0.001091
0.001124
0.001336
0.001393
0.001405
0.001165
0.001319
0.001163
0.001144
0.001162
0.001206
0.001128
0.001343
0.00112
0.001116
0.001091
0.0011
0.001137
0.001249
0.001263
0.001282
0.001213
0.001253
0.001205
0.001181
0.001383
0.001332
0.001235
0.001263
0.001236
0.001191
0.001301
0.001218
0.001296
0.001225
0.001179
0.001248
0.001361
0.001263
0.001188
0.001235
0.001223
0.001199
0.001305
0.001195
0.001267
0.001254
0.001253
0.001473
0.001166
0.001177
0.001179
0.001272
0.001173
0.001297
0.001341
0.001222
0.001179
0.001226
0.001348
0.00132
0.001336
0.00132
0.001192
0.001227
0.001235
0.001117
0.001082
0.001376
0.001097
0.001067
0.001101
0.00112
0.00111
0.001199
0.001189
0.001467
0.001077
0.001042
0.001138
0.001072
0.001089
0.001081
0.001087
0.001663
0.001169
0.001088
0.00106
0.001083
0.001056
0.001114
0.001542
0.001241
0.001095
0.001123
0.001173
0.00111
0.001087
0.001265
0.001138
0.001344
0.001041
0.001553
0.001091
0.001125
0.001799
0.001319
0.001125
0.00111
0.001127
0.001116
0.001097
0.001077
0.001195
0.001091
0.001114
0.001071
0.001101
0.001091
0.001084
0.001085
0.001242
0.001185
0.001115
0.00109
0.00108
0.001082
0.001079
0.001087
0.001138
0.001123
0.001132
0.001173
0.001169
0.001117
0.001073
0.001296
0.001898
0.00131
0.001088
0.001058
0.001099
0.001157
0.001185
0.001104
0.001221
0.001098
0.0011
0.001146
0.001153
0.001082
0.001237
0.001331
0.001289
0.001101
0.001141
0.00112
0.001093
0.001122
0.001137
0.001096
0.001109
0.001094
0.001108
0.001081
0.001082
0.001102
0.001117
0.001132
0.001185
0.001137
0.001139
0.001204
0.001106
0.001092
0.001098
0.001089
0.001108
0.001151
0.001296
0.00111
0.001202
0.001217
0.001208
0.001182
0.001139
0.001133
0.001178
0.001293
0.001126
0.0011
0.001095
0.001097
0.001112
0.001098
0.001076
0.001113
0.001127
0.001249
0.001221
0.001209
0.001183
0.001177
0.001196
0.001338
0.001135
0.001112
0.001191
0.001181
0.001119
0.001111
0.001119
0.001119
0.001146
0.001164
0.001158
0.001179
0.001105
0.001106
0.001089
0.001113
0.001105
0.001142
0.00113
0.001202
0.001057
0.001422
0.001139
0.001119
0.001113
0.001127
0.001198
0.00119
0.001137
0.001178
0.001195
0.00116
0.001106
0.001106
0.001105
0.001089
0.001121
0.001143
0.001125
0.001124
0.001105
0.001449
0.001164
0.001128
0.001145
0.001111
0.001112
0.001111
0.001154
0.00116
0.001094
0.001136
0.001095
0.001125
0.001114
0.001086
0.001244
0.001289
0.001278
0.001388
0.001627
0.001271
0.001206
0.001154
0.001089
0.001163
0.001168
0.0012
0.001111
0.001189
0.001113
0.001149
0.001137
0.001252
0.001095
0.001165
0.001226
0.001111
0.00121
0.001122
0.00113
0.001167
0.001148
0.001152
0.001203
0.001112
0.001112
0.001184
0.001154
0.001101
0.001093
0.001111
0.001141
0.001143
0.001144
0.00109
0.001116
0.001089
0.001308
0.001179
0.001099
0.00111
0.001181
0.001126
0.00167
0.001154
0.001179
0.001109
0.001087
0.001118
0.001104
0.0011
0.001099
0.001171
0.001097
0.001246
0.00115
0.0011
0.001214
0.001198
0.001163
0.001122
0.001135
0.001123
0.001235
0.001108
0.001149
0.001104
0.001108
0.00118
0.001113
0.0012
0.001164
0.001213
0.001331
0.001447
0.001209
0.001396
0.001119
0.001132
0.001121
0.001125
0.001159
0.001137
0.001112
0.001104
0.001097
0.001106
0.001213
0.001212
0.001104
0.00102
0.001157
0.001146
0.00103
0.001083
0.001109
0.001073
0.001221
0.001181
0.001113
0.001153
0.001143
0.001185
0.001174
0.001168
0.001364
0.001124
0.001297
0.001178
0.001266
0.001194
0.001142
0.001126
0.00177
0.001172
0.001376
0.001154
0.001268
0.001159
0.001239
0.001101
0.001093
0.001148
0.001121
0.001149
0.001173
0.001197
0.001326
0.001237
0.001274
0.001254
0.001061
0.00177
0.001187
0.001143
0.00109
0.001064
0.001121
0.001111
0.001076
0.001047
0.001073
0.001055
0.001485
0.001054
0.001268
0.001143
0.00183
0.001301
0.001065
0.001107
0.001181
0.001051
0.001044
0.001073
0.001035
0.001063
0.00109
0.001267
0.001132
0.001205
0.00119
0.001939
0.001195
0.001115
0.00113
0.00129
0.001225
0.001103
0.001055
0.001046
0.001327
0.00105
0.001058
0.001064
0.001046
0.001172
0.001113
0.001184
0.001312
0.001025
0.001181
0.001028
0.001037
0.001084
0.001066
0.001054
0.001032
0.001097
0.001101
0.001082
0.001198
0.001228
0.001217
0.001187
0.001158
0.001178
0.001227
0.001399
0.00105
0.001104
0.001104
0.001245
0.001081
0.001638
0.001066
0.001173
0.001116
0.001102
0.001194
0.001142
0.001106
0.00107
0.001079
0.001059
0.001069
0.001084
0.00115
0.001086
0.001116
0.001156
0.001081
0.001243
0.001738
0.001434
0.001138
0.001099
0.00113
0.001177
0.001118
0.001112
0.001099
0.001101
0.001131
0.001144
0.001186
0.001146
0.001159
0.001308
0.001272
0.001346
0.001234
0.00129
0.001352
0.001129
0.001155
0.00107
0.001084
0.001072
0.001076
0.001122
0.001103
0.001091
0.002001
0.001637
0.001264
0.001241
0.001149
0.001132
0.001154
0.001253
0.00122
0.001338
0.001208
0.001121
0.001118
0.001187
0.001224
0.001336
0.001193
0.001326
0.001244
0.001286
0.001307
0.001452
0.001242
0.001172
0.001094
0.001172
0.001051
0.001079
0.001158
0.001171
0.001152
0.00108
0.001068
0.001071
0.001138
0.001098
0.001234
0.001221
0.00118
0.001096
0.001086
0.001248
0.001187
0.001204
0.001208
0.001189
0.001189
0.001093
0.001099
0.001153
0.001102
0.001102
0.001112
0.001109
0.001145
0.001145
0.001186
0.001198
0.001123
0.00117
0.001051
0.001389
0.00108
0.001097
0.001037
0.001337
0.001102
0.001069
0.001044
0.001052
0.001058
0.00105
0.001102
0.001318
0.001473
0.001137
0.001134
0.001123
0.001493
0.001122
0.001175
0.001194
0.001159
0.001115
0.001098
0.00111
0.001169
0.001221
0.001198
0.001151
0.00123
0.001159
0.00113
0.0011
0.001087
0.001124
0.001098
0.001121
0.001081
0.00108
0.001182
0.001141
0.001111
0.001147
0.001165
0.001312
0.00115
0.001107
0.001146
0.001137
0.00118
0.001135
0.001103
0.001107
0.001117
0.001094
0.001189
0.001127
0.001191
0.001122
0.001169
0.001137
0.001162
0.001174
0.001101
0.001118
0.001141
0.001086
0.001112
0.001125
0.001092
0.00105
0.001067
0.001061
0.001105
0.001186
0.001352
0.00117
0.001418
0.001266
0.001493
0.001399
0.001228
0.001194
0.001251
0.001297
0.001157
0.001145
0.001152
0.00124
0.001254
0.001176
0.001067
0.001231
0.001219
0.001193
0.001049
0.001046
0.001036
0.001039
0.001071
0.001129
0.001107
0.001119
0.001086
0.001134
0.001104
0.001169
0.001436
0.001202
0.001162
0.001192
0.00141
0.001185
0.001311
0.001136
0.001224
0.00112
0.001129
0.001116
0.001129
0.001123
0.001438
0.00116
0.00115
0.001094
0.001159
0.001137
0.001092
0.001105
0.001134
0.001097
0.001191
0.001105
0.001116
0.001078
0.001156
0.001317
0.001139
0.001078
0.001402
0.001086
0.001111
0.00107
0.001124
0.001115
0.001089
0.001134
0.001059
0.001042
0.001373
0.00124
0.001195
0.001221
0.001188
0.001185
0.001177
0.001205
0.001177
0.001126
0.001158
0.001287
0.001135
0.001079
0.001082
0.001118
0.00118
0.0011
0.001089
0.00108
0.001119
0.001184
0.001182
0.001146
0.00111
0.001167
0.001299
0.001134
0.00116
0.001203
0.001152
0.001121
0.001188
0.00114
0.001266
0.00119
0.001446
0.001203
0.001122
0.001109
0.001154
0.001096
0.001227
0.001305
0.001139
0.001166
0.00113
0.001076
0.00129
0.001343
0.001307
0.001244
0.001353
0.001281
0.001139
0.001168
0.001129
0.001218
0.001155
0.001185
0.001365
0.001149
0.001299
0.001278
0.001417
0.001248
0.001319
0.001189
0.001394
0.001237
0.001162
0.001273
0.001117
0.001124
0.001155
0.001193
0.001145
0.001122
0.001183
0.001153
0.001179
0.001108
0.001097
0.00112
0.001153
0.001109
0.001177
0.001249
0.00117
0.001439
0.00124
0.001209
0.001217
0.001166
0.001472
0.001152
0.001126
0.001373
0.001209
0.001165
0.001233
0.001111
0.001145
0.001103
0.001227
0.00115
0.001267
0.001243
0.001204
0.001108
0.001113
0.001119
0.001093
0.001149
0.001126
0.001222
0.001353
0.001437
0.001117
0.001162
0.001086
0.001103
0.001158
0.001131
0.001183
0.001141
0.00114
0.001289
0.001224
0.001132
0.00124
0.001173
0.00114
0.001153
0.001132
0.001112
0.001182
0.001186
0.001251
0.001177
0.001179
0.00114
0.001154
0.001124
0.001107
0.001145
0.001152
0.001102
0.0014
0.001309
0.001232
0.00129
0.001064
0.001074
0.0013
0.001309
0.001107
0.001067
0.001081
0.0012
0.001118
0.001837
0.002046
0.002012
0.001928
0.002045
0.00204
0.002035
0.001995
0.001923
0.001977
0.00171
0.001123
0.001933
0.001963
0.002063
0.001854
0.001943
0.002051
0.001941
0.001856
0.002015
0.002069
0.001931
0.001914
0.001901
0.001968
0.002016
0.001162
0.001478
0.001263
0.001334
0.001256
0.001207
0.001218
0.001217
0.00122
0.001296
0.001476
0.001384
0.001144
0.001136
0.00123
0.001087
0.001129
0.001198
0.001189
0.001123
0.00113
0.001195
0.001239
0.001135
0.001055
0.001239
0.001154
0.001144
0.001141
0.001256
0.001076
0.001124
0.001022
0.001124
0.001057
0.001071
0.001188
0.001204
0.001093
0.001099
0.001069
0.001156
0.001143
0.001725
0.001156
0.001108
0.001152
0.001191
0.001107
0.001229
0.001198
0.00134
0.001235
0.001128
0.001185
0.001336
0.001172
0.001285
0.001332
0.001318
0.001151
0.001224
0.001264
0.001225
0.001148
0.001231
0.001231
0.00117
0.001401
0.001204
0.001212
0.00136
0.001265
0.001308
0.001283
0.001349
0.001364
0.001106
0.001227
0.001111
0.001077
0.001141
0.001721
0.001134
0.001107
0.001039
0.001156
0.001106
0.001115
0.001183
0.001104
0.001196
0.001107
0.001088
0.001098
0.001137
0.001099
0.001165
0.001139
0.001042
0.001879
0.002032
0.001706
0.001149
0.001153
0.001174
0.001165
0.001166
0.001238
0.00181
0.001166
0.001127
0.001148
0.001162
0.001408
0.001308
0.001332
0.001089
0.001088
0.001095
0.001074
0.001139
0.001098
0.001732
0.0011
0.001241
0.001076
0.001154
0.001281
0.001841
0.001085
0.001062
0.001092
0.001237
0.001058
0.00107
0.001079
0.001388
0.001105
0.001519
0.001267
0.001387
0.001205
0.001257
0.001217
0.001234
0.001208
0.001334
0.001153
0.001249
0.001083
0.001278
0.001077
0.001094
0.001061
0.001369
0.001402
0.001154
0.001544
0.001353
0.001278
0.001296
0.001199
0.001218
0.001156
0.001129
0.001835
0.001118
0.001103
0.001148
0.001176
0.001128
0.001152
0.001465
0.00128
0.001392
0.001425
0.001288
0.001236
0.001248
0.001339
0.00119
0.001156
0.001252
0.001244
0.001106
0.001082
0.001453
0.001112
0.001078
0.001198
0.001214
0.001113
0.001177
0.00113
0.001135
0.001137
0.001118
0.001475
0.001429
0.001153
0.001237
0.001131
0.001243
0.001106
0.001129
0.001158
0.001306
0.00123
0.001235
0.001146
0.00119
0.001397
0.001277
0.001247
0.001199
0.001208
0.001262
0.001234
0.001237
0.001216
0.001228
0.001192
0.001321
0.001222
0.001291
0.001255
0.00144
0.001257
0.001203
0.001231
0.001402
0.001306
0.001313
0.001301
0.001251
0.001239
0.001242
0.001215
0.001222
0.001179
0.001315
0.001398
0.001376
0.001268
0.001434
0.001244
0.001205
0.001245
0.001228
0.001211
0.001321
0.001362
0.001259
0.001253
0.001317
0.001293
0.001333
0.001211
0.001275
0.001252
0.001355
0.001181
0.001535
0.001127
0.001144
0.001147
0.001144
0.001128
0.0014
0.001502
0.001173
0.001148
0.001202
0.001321
0.001189
0.001227
0.001188
0.001295
0.00135
0.001316
0.001224
0.001238
0.00131
0.001335
0.001186
0.001318
0.001273
0.001262
0.001162
0.001349
0.001201
0.001347
0.001211
0.001302
0.001197
0.001266
0.001315
0.001329
0.001169
0.002029
0.002078
0.001989
0.002088
0.001152
0.001101
0.001202
0.00135
0.001254
0.001306
0.001349
0.001439
0.001237
0.001272
0.001335
0.001226
0.00126
0.001265
0.001267
0.001179
0.001189
0.001188
0.001217
0.001267
0.00118
0.001178
0.001163
0.001134
0.001387
0.001416
0.001187
0.001147
0.001237
0.001218
0.001125
0.001289
0.001239
0.001259
0.001417
0.001151
0.001188
0.001205
0.00111
0.001171
0.001153
0.001173
0.001356
0.001233
0.001148
0.001174
0.001059
0.001168
0.001251
0.001193
0.001642
0.001311
0.001212
0.001187
0.001162
0.001181
0.001192
0.00127
0.001338
0.001317
0.001491
0.001254
0.001257
0.001183
0.001139
0.001186
0.001085
0.001091
0.001091
0.001048
0.001056
0.001078
0.00106
0.001087
0.001094
0.001088
0.00104
0.001767
0.001622
0.001125
0.001108
0.001101
0.001081
0.001077
0.001082
0.001125
0.001083
0.001123
0.001132
0.001079
0.00109
0.001057
0.001187
0.00114
0.00135
0.001315
0.001221
0.001086
0.001203
0.001081
0.001137
0.001131
0.001302
0.001254
0.001131
0.001118
0.001051
0.00119
0.001074
0.001174
0.001138
0.001062
0.001047
0.001123
0.001091
0.001072
0.00107
0.001125
0.001096
0.001011
0.001248
0.001088
0.001194
0.001352
0.001076
0.001065
0.001001
0.001045
0.001075
0.001076
0.001056
0.001069
0.001143
0.00112
0.001083
0.001104
0.001129
0.001192
0.001116
0.001133
0.001161
0.001027
0.001229
0.001059
0.001074
0.001062
0.001056
0.001065
0.001097
0.001146
0.001034
0.001093
0.001211
0.00119
0.001216
0.001528
0.001278
0.001235
0.001192
0.001249
0.001336
0.001185
0.001227
0.001208
0.00121
0.001192
0.001235
0.001162
0.001272
0.001249
0.001229
0.00113
0.001101
0.001088
0.001073
0.00108
0.001085
0.001108
0.001068
0.001079
0.001046
0.001087
0.001043
0.001105
0.001219
0.001106
0.001107
0.001308
0.001114
0.001227
0.001108
0.001089
0.001189
0.001077
0.001197
0.001323
0.001064
0.001048
0.001069
0.001269
0.001056
0.001086
0.001101
0.001098
0.001053
0.001087
0.001093
0.001074
0.001076
0.001248
0.001119
0.001082
0.001043
0.001277
0.00129
0.001044
0.001056
0.001159
0.001115
0.001076
0.001835
0.001465
0.001073
0.00102
0.001292
0.001115
0.001089
0.001103
0.001531
0.001164
0.00112
0.001218
0.001169
0.001094
0.001094
0.001087
0.001096
0.001203
0.001307
0.001479
0.001241
0.001334
0.001343
0.001469
0.001131
0.001177
0.001194
0.001155
0.001184
0.001039
0.001053
0.001111
0.001052
0.001011
0.001076
0.001101
0.001128
0.001124
0.001225
0.001127
0.001091
0.0011
0.001096
0.00109
0.001008
0.001044
0.0011
0.001096
0.001174
0.001196
0.001069
0.001057
0.001079
0.001128
0.001155
0.001066
0.001105
0.001229
0.001101
0.001131
0.001182
0.001114
0.001109
0.00116
0.001165
0.001091
0.001141
0.001038
0.001074
0.001087
0.001091
0.001096
0.001212
0.001198
0.001124
0.001167
0.001141
0.001142
0.001098
0.001193
0.001108
0.001156
0.001262
0.001197
0.001394
0.001136
0.001095
0.00111
0.001107
0.001109
0.001123
0.001148
0.001113
0.0011
0.001169
0.001246
0.0011
0.002147
0.002016
0.001836
0.002175
0.001331
0.001114
0.001154
0.001061
0.001113
0.001993
0.001197
0.00115
0.001352
0.001267
0.001231
0.001147
0.001152
0.001179
0.001193
0.00113
0.001418
0.001084
0.001064
0.001146
0.001189
0.0011
0.001087
0.001262
0.001152
0.001213
0.00115
0.001178
0.001176
0.001064
0.001086
0.001198
0.001146
0.00114
0.001198
0.001166
0.001283
0.001109
0.001149
0.001147
0.001129
0.001141
0.001191
0.001069
0.001186
0.001176
0.001118
0.001216
0.0011
0.001169
0.00113
0.001182
0.001099
0.001208
0.001194
0.001139
0.001089
0.001049
0.001315
0.001173
0.001228
0.0011
0.001154
0.001176
0.001144
0.001183
0.001184
0.001147
0.001147
0.001234
0.00115
0.001173
0.001106
0.001117
0.001085
0.001118
0.001119
0.001119
0.001121
0.001181
0.001117
0.001242
0.001151
0.001189
0.001333
0.00151
0.001238
0.001343
0.001195
0.001244
0.001098
0.00112
0.0011
0.001103
0.001071
0.001104
0.001092
0.001351
0.001164
0.00115
0.00113
0.001075
0.001057
0.001103
0.001073
0.001092
0.001107
0.001107
0.001136
0.0011
0.001071
0.001118
0.001155
0.001164
0.001923
0.001131
0.001147
0.00128
0.00127
0.001195
0.001175
0.001126
0.001125
0.001155
0.00113
0.001151
0.001376
0.001168
0.001107
0.001157
0.001057
0.001013
0.001109
0.001125
0.001008
0.001165
0.001113
0.001068
0.001044
0.00115
0.001134
0.001093
0.001073
0.001238
0.001856
0.001107
0.001136
0.001137
0.001163
0.001239
0.001186
0.001136
0.001311
0.001407
0.001434
0.001157
0.001289
0.001409
0.001337
0.001275
0.00134
0.001157
0.001136
0.00128
0.001195
0.001276
0.001173
0.001197
0.001146
0.001208
0.001243
0.001461
0.001437
0.00136
0.001199
0.001332
0.001247
0.001328
0.001235
0.001355
0.001256
0.001189
0.001231
0.001164
0.001171
0.001523
0.001245
0.001139
0.001142
0.00123
0.001165
0.001231
0.00128
0.001142
0.001231
0.001172
0.001087
0.001099
0.001146
0.001185
0.001143
0.001236
0.001127
0.001168
0.001206
0.001149
0.001197
0.001334
0.001242
0.001198
0.001238
0.001061
0.001315
0.001216
0.001199
0.001322
0.001185
0.001167
0.001211
0.001347
0.001382
0.001258
0.001104
0.001283
0.001104
0.001268
0.001486
0.001173
0.001298
0.001432
0.001244
0.001184
0.001239
0.001079
0.001097
0.001124
0.001169
0.001148
0.001109
0.001211
0.001145
0.001163
0.001112
0.001191
0.001181
0.001149
0.001122
0.00117
0.001176
0.001121
0.001083
0.001122
0.00106
0.001084
0.001102
0.001165
0.001098
0.00117
0.001243
0.001223
0.001192
0.001161
0.001129
0.001171
0.001118
0.001098
0.001256
0.001081
0.001105
0.001089
0.001108
0.001222
0.001238
0.001305
0.001392
0.00115
0.001076
0.001101
0.001144
0.001096
0.001089
0.001099
0.001106
0.001082
0.001126
0.001101
0.001056
0.001055
0.001105
0.00112
0.001186
0.001204
0.001046
0.001177
0.0012
0.001152
0.001165
0.001225
0.001131
0.001132
0.001109
0.001114
0.001116
0.001195
0.001135
0.00112
0.00113
0.001067
0.001048
0.00111
0.001149
0.001082
0.001165
0.001132
0.001092
0.001053
0.001109
0.001122
0.001061
0.00186
0.001708
0.001102
0.001047
0.001067
0.001668
0.00114
0.001093
0.001381
0.001175
0.001107
0.001195
0.001138
0.001136
0.001816
0.00124
0.001127
0.001143
0.00126
0.001166
0.001129
0.001088
0.00113
0.001092
0.001064
0.001106
0.001094
0.001147
0.001206
0.001314
0.001146
0.001144
0.001099
0.001106
0.0013
0.001222
0.001347
0.001272
0.00119
0.001207
0.001259
0.001209
0.001298
0.001238
0.00117
0.001144
0.001122
0.001099
0.001134
0.001101
0.00116
0.001098
0.001098
0.001063
0.001105
0.001135
0.001111
0.001232
0.001244
0.00189
0.001896
0.001952
0.001845
0.001948
0.001869
0.001875
0.001872
0.001839
0.002111
0.002013
0.001155
0.001915
0.001938
0.001986
0.002029
0.002047
0.001977
0.001185
0.001348
0.001261
0.001121
0.001088
0.001124
0.001138
0.001072
0.001152
0.001152
0.001319
0.001201
0.00126
0.001227
0.001195
0.001143
0.00119
0.001177
0.001105
0.001101
0.001193
0.001086
0.001057
0.001088
0.001166
0.001145
0.001124
0.001166
0.001154
0.001279
0.001183
0.001195
0.001193
0.001203
0.001133
0.001165
0.001136
0.001149
0.001231
0.001136
0.001149
0.0011
0.001115
0.001233
0.001422
0.001218
0.001383
0.001177
0.001452
0.001176
0.001211
0.001193
0.001169
0.00117
0.001182
0.001242
0.001161
0.001148
0.001143
0.001308
0.001122
0.001085
0.001091
0.001105
0.001106
0.001184
0.001182
0.001137
0.001128
0.001159
0.001102
0.001126
0.001133
0.002003
0.001251
0.00113
0.001099
0.001124
0.001113
0.001116
0.001124
0.001143
0.001119
0.001451
0.001242
0.001122
0.001195
0.001171
0.001191
0.001264
0.001177
0.001217
0.001133
0.001155
0.001092
0.001175
0.001118
0.001169
0.001251
0.001119
0.001239
0.001153
0.001186
0.001139
0.001179
0.001161
0.001175
0.001107
0.001159
0.001149
0.001104
0.0011
0.001131
0.001126
0.001099
0.001188
0.001174
0.001169
0.001256
0.001145
0.001196
0.001142
0.00113
0.001128
0.00113
0.001194
0.00113
0.00128
0.001101
0.001103
0.001088
0.001115
0.001103
0.00109
0.001103
0.001041
0.001333
0.001205
0.001161
0.001231
0.001166
0.001132
0.001124
0.00113
0.001135
0.001162
0.001154
0.00111
0.001086
0.001099
0.001131
0.001105
0.001119
0.001117
0.001102
0.001008
0.001184
0.001162
0.001145
0.001115
0.001112
0.001187
0.001579
0.001165
0.001221
0.001093
0.001172
0.001124
0.001137
0.001127
0.001137
0.001092
0.001306
0.001141
0.001095
0.001094
0.00118
0.001137
0.001121
0.001058
0.001293
0.001141
0.001104
0.001074
0.00108
0.001055
0.001221
0.001062
0.001338
0.001087
0.001268
0.001178
0.001194
0.001136
0.001169
0.001147
0.001133
0.001127
0.0013
0.001419
0.00124
0.001202
0.001119
0.001179
0.001133
0.001157
0.001144
0.001253
0.001289
0.001139
0.00112
0.001242
0.001352
0.001283
0.001305
0.001222
0.001292
0.001215
0.001292
0.001113
0.001188
0.00119
0.001158
0.001132
0.001199
0.001161
0.001154
0.001088
0.001111
0.001119
0.001177
0.001122
0.001147
0.001065
0.001418
0.001199
0.001141
0.001076
0.001154
0.001134
0.001951
0.001082
0.001281
0.0011
0.001195
0.001062
0.001031
0.001125
0.001081
0.001084
0.00113
0.001301
0.00139
0.001277
0.001062
0.001116
0.001101
0.001122
0.001213
0.001263
0.001169
0.001311
0.001493
0.00122
0.001334
0.001314
0.001248
0.001219
0.001224
0.001259
0.001309
0.001183
0.001217
0.001172
0.001558
0.002007
0.00205
0.002044
0.002051
0.002002
0.001833
0.001948
0.002032
0.002034
0.00128
0.001078
0.001071
0.001961
0.001877
0.001916
0.001914
0.001947
0.001984
0.002029
0.001976
0.002126
0.002052
0.001312
0.001107
0.001917
0.001921
0.00201
0.001978
0.002074
0.001962
0.002132
0.001984
0.002155
0.002061
0.001978
0.001909
0.001924
0.001862
0.00146
0.001118
0.001103
0.001214
0.001285
0.001257
0.001158
0.001107
0.001135
0.001193
0.001191
0.001179
0.001249
0.001246
0.001354
0.00118
0.001342
0.001193
0.001277
0.001143
0.001206
0.001206
0.001092
0.00123
0.001138
0.001144
0.001168
0.001123
0.001105
0.001078
0.001121
0.001085
0.00115
0.001083
0.001064
0.001061
0.001067
0.001034
0.001102
0.001413
0.001193
0.00145
0.001123
0.001166
0.001137
0.001125
0.001115
0.001177
0.001128
0.00132
0.001361
0.001241
0.00112
0.001135
0.001213
0.001122
0.001254
0.001137
0.001214
0.00113
0.001164
0.001212
0.001034
0.001117
0.001267
0.001131
0.001151
0.001041
0.001311
0.001204
0.001255
0.001432
0.001308
0.001133
0.0011
0.001096
0.00111
0.001174
0.001157
0.001091
0.001094
0.001118
0.001275
0.001198
0.001261
0.001174
0.001197
0.001153
0.001127
0.001106
0.001223
0.001092
0.001098
0.001152
0.001089
0.001136
0.001137
0.001108
0.00112
0.001127
0.001197
0.001175
0.001157
0.001117
0.001125
0.001186
0.001126
0.001134
0.001254
0.001209
0.001137
0.00112
0.00117
0.001156
0.001195
0.001309
0.001218
0.001114
0.001143
0.001127
0.001177
0.001174
0.001184
0.00131
0.001143
0.001123
0.00112
0.001143
0.00113
0.001125
0.001206
0.001172
0.001138
0.001129
0.001087
0.001169
0.001191
0.001171
0.0012
0.001124
0.001125
0.001183
0.001141
0.00113
0.0011
0.001131
0.001097
0.001098
0.001136
0.001159
0.001128
0.001224
0.001217
0.001135
0.001139
0.00112
0.001126
0.001116
0.00119
0.001156
0.001147
0.001211
0.001136
0.001083
0.001133
0.001105
0.001122
0.001379
0.001221
0.001209
0.001259
0.001239
0.001261
0.001416
0.001245
0.001411
0.00129
0.00136
0.001198
0.001204
0.001234
0.001241
0.001188
0.001247
0.001228
0.001167
0.001245
0.001181
0.001126
0.001155
0.001183
0.001134
0.001141
0.001149
0.001278
0.001175
0.001242
0.001222
0.001227
0.001283
0.001245
0.001121
0.001555
0.001603
0.001244
0.001211
0.001188
0.001234
0.001281
0.001362
0.001283
0.001444
0.001268
0.001269
0.00131
0.001158
0.00118
0.001249
0.001141
0.001311
0.001197
0.001211
0.001198
0.001243
0.001196
0.001181
0.001267
0.001196
0.001155
0.001433
0.001266
0.001351
0.001311
0.001404
0.001166
0.001237
0.001263
0.001336
0.001284
0.001188
0.001186
0.001149
0.00116
0.001247
0.001271
0.001393
0.001302
0.00143
0.00123
0.001264
0.001263
0.001243
0.001276
0.001219
0.001196
0.001278
0.001206
0.00119
0.001397
0.001239
0.001232
0.001224
0.001246
0.001257
0.001316
0.001298
0.001249
0.001323
0.001233
0.001323
0.001218
0.001229
0.00143
0.001337
0.001248
0.001259
0.001239
0.001296
0.001255
0.001396
0.001138
0.001185
0.001353
0.001129
0.001084
0.001092
0.00139
0.001539
0.001274
0.001252
0.001334
0.001091
0.001603
0.001687
0.00163
0.002034
0.001437
0.00121
0.001147
0.001114
0.001119
0.001177
0.001293
0.001207
0.00126
0.001145
0.001125
0.001118
0.001137
0.001129
0.001167
0.001107
0.00116
0.001211
0.001093
0.001085
0.001119
0.001231
0.001237
0.001233
0.001118
0.00111
0.001164
0.001177
0.001194
0.00112
0.001096
0.001147
0.001149
0.001091
0.00115
0.001084
0.001185
0.001151
0.001183
0.001109
0.001151
0.001126
0.001146
0.001141
0.001244
0.001166
0.001117
0.001262
0.001287
0.001212
0.001218
0.001569
0.001217
0.001261
0.001232
0.001131
0.00121
0.001182
0.00122
0.001198
0.001065
0.0012
0.001143
0.001095
0.001046
0.001412
0.001316
0.001274
0.001338
0.001283
0.001172
0.001153
0.001114
0.001163
0.001131
0.001194
0.00132
0.001126
0.001043
0.001196
0.001162
0.001091
0.001096
0.001085
0.001106
0.001087
0.001104
0.001188
0.001224
0.001555
0.001257
0.001203
0.001249
0.001187
0.001342
0.001282
0.001265
0.001426
0.00129
0.001193
0.001202
0.001218
0.001291
0.001243
0.00139
0.001229
0.001306
0.001348
0.001227
0.001291
0.001217
0.001246
0.001263
0.001199
0.001254
0.001156
0.001141
0.001118
0.001096
0.001206
0.001121
0.001177
0.001111
0.001048
0.001172
0.001142
0.001125
0.001138
0.001187
0.00111
0.001251
0.001269
0.001334
0.001205
0.001182
0.001148
0.001199
0.001234
0.001317
0.001164
0.001122
0.001162
0.001178
0.001117
0.001202
0.001227
0.001187
0.001133
0.001063
0.001119
0.00108
0.001187
0.00127
0.00128
0.001261
0.001234
0.001375
0.001192
0.001166
0.001123
0.001239
0.001078
0.001131
0.001174
0.001137
0.00109
0.001378
0.001247
0.00109
0.001446
0.00132
0.001101
0.001052
0.001075
0.00107
0.001055
0.001041
0.001101
0.00114
0.001211
0.001085
0.00118
0.001186
0.001178
0.001243
0.001411
0.001256
0.001265
0.001252
0.001336
0.001139
0.001265
0.001186
0.001203
0.00133
0.001205
0.001177
0.001345
0.001232
0.001181
0.001195
0.001103
0.001102
0.001202
0.001186
0.001201
0.00114
0.001174
0.001154
0.001301
0.001045
0.001047
0.001092
0.001143
0.001081
0.001151
0.001146
0.001349
0.001331
0.001118
0.001118
0.001163
0.001132
0.001155
0.001103
0.001114
0.001093
0.001116
0.001126
0.001121
0.001134
0.001165
0.001206
0.00121
0.001197
0.001119
0.00113
0.001155
0.001129
0.001117
0.001115
0.001096
0.001157
0.001219
0.001086
0.001102
0.001125
0.001141
0.001188
0.001159
0.001167
0.001187
0.001138
0.00114
0.001108
0.001119
0.001116
0.001107
0.001137
0.001371
0.001135
0.001156
0.001119
0.001107
0.001109
0.001209
0.001164
0.001061
0.001241
0.001239
0.001147
0.001121
0.001162
0.001101
0.001104
0.001127
0.00114
0.001234
0.001143
0.001176
0.001225
0.001155
0.001143
0.001347
0.001275
0.001404
0.001328
