0.002716
0.001824
0.001754
0.001734
0.001673
0.001774
0.001738
0.001562
0.001812
0.001732
0.001795
0.001667
0.001763
0.001733
0.001716
0.001778
0.001788
0.001766
0.00178
0.00179
0.001782
0.002419
0.002713
0.001908
0.001908
0.001929
0.001814
0.00211
0.001849
0.001681
0.001842
0.001681
0.001884
0.001938
0.001864
0.002189
0.001822
0.001849
0.002044
0.001908
0.001879
0.001751
0.001909
0.001878
0.001912
0.00176
0.001807
0.001831
0.002006
0.001694
0.002037
0.001932
0.001646
0.001946
0.00178
0.001762
0.001738
0.002025
0.001716
0.001783
0.001827
0.001656
0.001651
0.001587
0.001554
0.001636
0.001632
0.001599
0.00158
0.001608
0.00187
0.001635
0.001585
0.001687
0.001586
0.001566
0.001578
0.001698
0.001666
0.001839
0.001743
0.002042
0.002093
0.001702
0.00175
0.001763
0.001724
0.001793
0.001803
0.001889
0.001757
0.001915
0.001711
0.001814
0.001805
0.002127
0.001869
0.001749
0.001764
0.001861
0.001694
0.001782
0.001794
0.001763
0.001756
0.001694
0.001756
0.001723
0.001774
0.001822
0.001872
0.001844
0.001935
0.001853
0.002053
0.001689
0.001958
0.001766
0.001804
0.001928
0.001741
0.001811
0.001774
0.001721
0.001781
0.001865
0.00179
0.002089
0.001811
0.001777
0.002122
0.001613
0.001615
0.001574
0.001571
0.001572
0.001632
0.001611
0.001569
0.001571
0.001602
0.001603
0.001717
0.001773
0.001718
0.001599
0.001641
0.001798
0.001647
0.00163
0.001872
0.001607
0.001628
0.001588
0.001682
0.001833
0.001916
0.0018
0.001729
0.001654
0.001662
0.001678
0.001687
0.001762
0.001728
0.001827
0.001748
0.001676
0.001681
0.001917
0.001711
0.001805
0.00175
0.002104
0.002341
0.001683
0.001672
0.001621
0.001719
0.001666
0.001729
0.001973
0.001905
0.001676
0.001998
0.001749
0.001844
0.001826
0.002022
0.002057
0.001864
0.001815
0.001974
0.001833
0.001909
0.001745
0.001898
0.001742
0.001758
0.001904
0.001911
0.001901
0.001992
0.002014
0.002066
0.001625
0.001654
0.001614
0.001679
0.001677
0.001737
0.001639
0.001612
0.001624
0.0016
0.001607
0.001649
0.001738
0.00192
0.001966
0.001876
0.001679
0.001653
0.001637
0.001667
0.001904
0.001668
0.001667
0.001647
0.001947
0.001629
0.001757
0.001987
0.002644
0.00272
0.002871
0.0028
0.002708
0.002809
0.002872
0.002773
0.002646
0.002773
0.002789
0.002848
0.001923
0.001667
0.002671
0.002774
0.002804
0.00278
0.002843
0.002765
0.00278
0.001884
0.001776
0.001665
0.001536
0.001743
0.00173
0.001677
0.001665
0.001693
0.001702
0.001691
0.001581
0.001927
0.001813
0.001759
0.002052
0.001733
0.001709
0.001674
0.001666
0.001693
0.001712
0.001615
0.001645
0.001613
0.001623
0.001688
0.001621
0.001621
0.001681
0.001996
0.002205
0.001985
0.001749
0.001849
0.001727
0.001668
0.001747
0.001739
0.00169
0.001913
0.001655
0.001662
0.00162
0.001665
0.001701
0.001832
0.002008
0.001892
0.001846
0.001891
0.001838
0.001704
0.001978
0.019824
0.002327
0.00248
0.002301
0.002337
0.002393
0.019805
0.00193
0.001848
0.001698
0.001763
0.001954
0.001991
0.001864
0.001979
0.001807
0.001762
0.002109
0.001878
0.001987
0.001937
0.001833
0.002065
0.001837
0.001852
0.001778
0.001952
0.001847
0.001907
0.001947
0.001883
0.001912
0.001876
0.002007
0.002093
0.002028
0.002001
0.001861
0.001848
0.002005
0.001704
0.001695
0.002099
0.001676
0.001619
0.001669
0.001714
0.001699
0.001768
0.001826
0.002078
0.001599
0.001563
0.001705
0.001634
0.00165
0.001647
0.001756
0.002273
0.001725
0.001644
0.001569
0.001615
0.001548
0.00161
0.002222
0.001834
0.001613
0.001706
0.001708
0.001629
0.001644
0.001792
0.001927
0.001886
0.00156
0.002082
0.001696
0.00168
0.002574
0.001995
0.001651
0.001628
0.001671
0.001707
0.001613
0.001645
0.001747
0.001612
0.001655
0.001602
0.001658
0.001612
0.001647
0.001643
0.001819
0.001809
0.001681
0.00164
0.001647
0.001633
0.0016
0.001599
0.001675
0.001657
0.001663
0.001751
0.001742
0.00164
0.001621
0.001822
0.002795
0.001938
0.001719
0.0018
0.001759
0.001756
0.001806
0.001746
0.001813
0.001696
0.001777
0.001833
0.001759
0.001648
0.001837
0.001984
0.001831
0.001727
0.001814
0.001687
0.001703
0.001684
0.001797
0.001689
0.001667
0.001683
0.001794
0.001725
0.001754
0.001754
0.001727
0.001808
0.001813
0.001763
0.001797
0.001811
0.001663
0.001705
0.001657
0.001675
0.001678
0.001759
0.001913
0.001694
0.001845
0.001863
0.001767
0.001736
0.001755
0.001657
0.001832
0.001923
0.001681
0.001641
0.001624
0.00162
0.001654
0.001649
0.001649
0.001671
0.001669
0.001806
0.001888
0.00184
0.00184
0.001804
0.001864
0.001899
0.001723
0.001776
0.001781
0.001711
0.001645
0.00166
0.00164
0.001696
0.001664
0.001764
0.001781
0.001785
0.001679
0.001685
0.001649
0.001679
0.001622
0.001656
0.001669
0.001818
0.001601
0.001999
0.001719
0.00164
0.001713
0.001731
0.001794
0.001729
0.001734
0.001726
0.001725
0.001668
0.00168
0.001668
0.001679
0.001714
0.001658
0.001718
0.001679
0.001705
0.001672
0.002028
0.001702
0.001712
0.00168
0.001719
0.001633
0.001664
0.001673
0.001717
0.001618
0.001645
0.001699
0.001714
0.001674
0.001663
0.001809
0.001872
0.001934
0.001981
0.002184
0.0019
0.001779
0.001723
0.001622
0.001685
0.001707
0.001741
0.001777
0.001777
0.001672
0.001718
0.001752
0.001875
0.001733
0.001826
0.001801
0.001737
0.00191
0.001703
0.001698
0.00179
0.001709
0.00175
0.001778
0.001691
0.001771
0.001895
0.001788
0.0017
0.001804
0.001744
0.001838
0.001827
0.001796
0.001718
0.001818
0.001676
0.001981
0.001794
0.001698
0.001741
0.001787
0.001879
0.002375
0.001769
0.001863
0.001673
0.001671
0.001671
0.001669
0.001658
0.001784
0.001788
0.001691
0.00186
0.00172
0.001752
0.001858
0.001737
0.001744
0.00175
0.001712
0.001693
0.001879
0.001723
0.001762
0.001666
0.001673
0.001811
0.00169
0.001819
0.001734
0.00196
0.002
0.002203
0.001892
0.001978
0.001733
0.001808
0.00174
0.001762
0.001875
0.001798
0.001774
0.001778
0.001761
0.001751
0.001932
0.001889
0.001729
0.001708
0.00184
0.001733
0.001633
0.001687
0.001726
0.001841
0.001867
0.001893
0.001763
0.001853
0.001819
0.001814
0.001874
0.001844
0.00196
0.001728
0.001891
0.001741
0.001868
0.001833
0.001765
0.001827
0.002362
0.00182
0.002085
0.001838
0.001941
0.00192
0.002167
0.001813
0.00166
0.001765
0.001734
0.001819
0.002037
0.001885
0.002104
0.001917
0.001843
0.001839
0.001633
0.002599
0.001786
0.001764
0.001732
0.00163
0.001726
0.001667
0.001706
0.00168
0.001743
0.001676
0.002178
0.001685
0.00213
0.001721
0.002716
0.00189
0.001871
0.001691
0.001784
0.001623
0.001932
0.001673
0.001641
0.001615
0.001679
0.001835
0.001865
0.001842
0.001805
0.002886
0.001802
0.00176
0.001703
0.00187
0.001891
0.001705
0.001677
0.001671
0.001915
0.001622
0.001588
0.001596
0.001622
0.00178
0.001776
0.001802
0.001849
0.001596
0.001737
0.001619
0.0016
0.001622
0.001634
0.001576
0.001594
0.001635
0.001711
0.001729
0.001745
0.001788
0.001878
0.001742
0.001805
0.001846
0.001854
0.001946
0.001625
0.001718
0.00167
0.001779
0.001647
0.002224
0.001608
0.001764
0.001684
0.001652
0.001794
0.001757
0.001712
0.00164
0.001668
0.001631
0.00159
0.001656
0.001691
0.001608
0.00179
0.001704
0.001673
0.001858
0.002534
0.002002
0.001725
0.001715
0.001782
0.001776
0.001721
0.001738
0.001712
0.00171
0.001771
0.001719
0.001867
0.001778
0.001825
0.002081
0.001879
0.00192
0.001965
0.001901
0.001978
0.001739
0.001814
0.001619
0.001668
0.00162
0.001686
0.001711
0.001685
0.001813
0.002847
0.002309
0.001949
0.001941
0.001856
0.001772
0.001777
0.001789
0.001802
0.001867
0.001869
0.001701
0.001656
0.001835
0.001896
0.001887
0.00173
0.001922
0.001877
0.001928
0.001979
0.002157
0.00187
0.00174
0.001699
0.001783
0.001663
0.001703
0.001741
0.001814
0.001825
0.001738
0.001716
0.001899
0.001776
0.001794
0.001939
0.001903
0.001873
0.001759
0.001725
0.001895
0.001857
0.001828
0.001947
0.00183
0.001858
0.001709
0.001705
0.001762
0.001704
0.001748
0.001718
0.00178
0.001775
0.00175
0.001863
0.001839
0.00182
0.001921
0.001681
0.002012
0.001744
0.001751
0.001673
0.001993
0.001703
0.001742
0.001674
0.001687
0.0017
0.001657
0.001773
0.002256
0.002216
0.001837
0.001741
0.001869
0.002198
0.001782
0.001794
0.001874
0.001755
0.001708
0.001759
0.001717
0.001829
0.001944
0.001938
0.001761
0.001965
0.001835
0.001783
0.001777
0.001769
0.001791
0.001783
0.001726
0.001758
0.001774
0.001835
0.001756
0.00183
0.018495
0.001829
0.001963
0.001764
0.001775
0.001848
0.001771
0.001837
0.001801
0.001706
0.001721
0.001734
0.001669
0.00184
0.001832
0.001806
0.001793
0.001868
0.001762
0.001782
0.001859
0.001714
0.001856
0.001868
0.001694
0.001759
0.001775
0.001723
0.001686
0.001668
0.001685
0.001766
0.001945
0.001984
0.001793
0.00218
0.00202
0.002171
0.002124
0.001962
0.001936
0.0019
0.002021
0.001759
0.001845
0.019163
0.001871
0.002018
0.001787
0.001686
0.001861
0.001892
0.001873
0.001701
0.001694
0.001671
0.001686
0.001786
0.002015
0.001941
0.0018
0.00175
0.001843
0.018914
0.001902
0.002263
0.001976
0.001923
0.001983
0.002136
0.002037
0.002005
0.00191
0.001907
0.001951
0.001754
0.001794
0.001811
0.00188
0.002274
0.001775
0.00189
0.001687
0.001818
0.001847
0.001766
0.00188
0.001954
0.001812
0.001929
0.0018
0.001767
0.001744
0.001904
0.002341
0.001918
0.001822
0.002081
0.001725
0.00188
0.001723
0.001765
0.00181
0.001816
0.001817
0.001717
0.001692
0.002062
0.001941
0.019343
0.00184
0.001929
0.001928
0.001926
0.00195
0.001787
0.001805
0.001866
0.002017
0.001862
0.001769
0.001783
0.001865
0.001786
0.001727
0.001737
0.001771
0.001845
0.001881
0.001921
0.001889
0.001816
0.00188
0.002045
0.001901
0.00193
0.001859
0.001814
0.001794
0.001814
0.001793
0.001891
0.019367
0.00209
0.00185
0.002013
0.001754
0.001782
0.001806
0.019732
0.002239
0.001788
0.001865
0.001811
0.001688
0.002107
0.002222
0.002074
0.001879
0.002151
0.001968
0.001842
0.001799
0.001872
0.001923
0.001818
0.001841
0.002131
0.001857
0.002095
0.020104
0.002039
0.001878
0.002046
0.001879
0.002095
0.001942
0.001867
0.001915
0.001862
0.001729
0.00176
0.001868
0.001769
0.00177
0.001873
0.001846
0.00187
0.001761
0.001717
0.00186
0.001766
0.001728
0.001939
0.00198
0.001781
0.002084
0.001993
0.001964
0.001971
0.00179
0.002104
0.001818
0.001832
0.019221
0.001904
0.001797
0.001907
0.001759
0.001753
0.001748
0.001887
0.001793
0.001933
0.001993
0.001812
0.001708
0.001817
0.001744
0.001686
0.001754
0.001784
0.018954
0.001993
0.002122
0.001717
0.001762
0.001677
0.001748
0.001766
0.001753
0.001844
0.001789
0.001812
0.002055
0.001932
0.001866
0.001945
0.001853
0.001814
0.001756
0.001802
0.001753
0.001966
0.019065
0.001963
0.001917
0.001906
0.001761
0.00184
0.001825
0.001736
0.001887
0.001873
0.0194
0.002101
0.001938
0.002036
0.002101
0.001735
0.001715
0.001985
0.002089
0.001784
0.001755
0.001804
0.001856
0.001827
0.002755
0.003091
0.002977
0.002954
0.003126
0.003031
0.00307
0.003
0.002944
0.002941
0.002451
0.001858
0.002799
0.002897
0.003076
0.002857
0.002864
0.002953
0.002944
0.025913
0.003051
0.003102
0.00292
0.00291
0.00289
0.00299
0.003086
0.001822
0.002139
0.002051
0.001964
0.001997
0.001958
0.001852
0.001852
0.001996
0.002037
0.002152
0.002039
0.001788
0.001825
0.001881
0.001706
0.001797
0.001828
0.001971
0.001724
0.001823
0.001971
0.001989
0.001764
0.001734
0.001906
0.001846
0.001858
0.001883
0.001876
0.001742
0.001728
0.001677
0.001817
0.001662
0.001755
0.00182
0.001811
0.001769
0.001738
0.001832
0.001843
0.001846
0.002469
0.001785
0.001748
0.001828
0.001877
0.001722
0.001949
0.001908
0.001943
0.00192
0.001884
0.001829
0.002008
0.001918
0.002053
0.002165
0.002049
0.001879
0.001935
0.002063
0.002004
0.001806
0.001959
0.001879
0.001888
0.002146
0.001899
0.001951
0.002037
0.00193
0.002055
0.002032
0.002132
0.002044
0.001713
0.001886
0.001752
0.00173
0.001983
0.002406
0.00182
0.001759
0.001753
0.001836
0.001742
0.001778
0.001887
0.001786
0.001913
0.001783
0.001694
0.00178
0.00174
0.001795
0.001792
0.001759
0.001741
0.002883
0.002963
0.002669
0.001816
0.001848
0.001878
0.001765
0.001851
0.001906
0.002486
0.001797
0.001746
0.00187
0.001799
0.002048
0.002285
0.001968
0.001698
0.001761
0.001708
0.001671
0.001754
0.001778
0.002451
0.001773
0.002004
0.001802
0.001859
0.002137
0.002562
0.001778
0.001776
0.00184
0.001907
0.001767
0.001749
0.002015
0.002042
0.001753
0.002432
0.002059
0.002227
0.002058
0.002058
0.00196
0.00189
0.001862
0.002054
0.00183
0.001992
0.001781
0.001918
0.001797
0.00186
0.001705
0.002182
0.002105
0.001886
0.002405
0.001969
0.001951
0.002042
0.001808
0.001856
0.001779
0.001769
0.00252
0.001719
0.001732
0.001802
0.001879
0.001785
0.00183
0.002109
0.001919
0.00217
0.002079
0.002055
0.002049
0.002066
0.00198
0.001805
0.001869
0.001912
0.001925
0.001761
0.001735
0.002112
0.001708
0.001731
0.001909
0.001817
0.001836
0.001886
0.001792
0.001829
0.00181
0.001723
0.002122
0.00206
0.001836
0.002136
0.001812
0.001844
0.001777
0.001739
0.001793
0.001969
0.001876
0.001892
0.002001
0.001869
0.002288
0.001915
0.001969
0.001926
0.001934
0.001903
0.002054
0.001969
0.001946
0.001843
0.001908
0.001916
0.001834
0.002042
0.00199
0.002259
0.00212
0.001942
0.00194
0.002019
0.001914
0.002007
0.002064
0.001893
0.001848
0.001957
0.001913
0.001913
0.001906
0.002088
0.002128
0.002119
0.00207
0.002074
0.001857
0.001965
0.001998
0.001977
0.001825
0.001938
0.002178
0.001985
0.002019
0.001985
0.001908
0.002041
0.001914
0.002014
0.001928
0.002071
0.001877
0.002195
0.001804
0.001822
0.001782
0.001838
0.001742
0.002186
0.002221
0.001769
0.001804
0.001832
0.001926
0.001983
0.00193
0.001962
0.001914
0.002
0.002058
0.001891
0.001845
0.002226
0.002079
0.001914
0.001995
0.001896
0.002009
0.001869
0.001958
0.001894
0.001978
0.00184
0.002041
0.001935
0.002054
0.002083
0.002007
0.001784
0.002975
0.003001
0.002886
0.00297
0.001766
0.001655
0.001883
0.001957
0.001834
0.001968
0.002153
0.002028
0.001808
0.001961
0.002119
0.001983
0.001869
0.001951
0.002086
0.00187
0.001805
0.001819
0.001886
0.002076
0.001814
0.001813
0.001851
0.001806
0.00211
0.002057
0.001911
0.001993
0.0019
0.00191
0.001968
0.001965
0.001983
0.001956
0.002215
0.001824
0.001783
0.001839
0.001762
0.001819
0.001824
0.001824
0.002005
0.001924
0.001833
0.00179
0.00167
0.001818
0.001962
0.001885
0.002355
0.002072
0.001898
0.001977
0.001756
0.001905
0.001925
0.002065
0.001909
0.002007
0.002244
0.00195
0.001967
0.001859
0.001786
0.001866
0.001753
0.001806
0.001696
0.001674
0.001615
0.001748
0.001708
0.001687
0.001691
0.001721
0.001613
0.002647
0.002407
0.001823
0.001726
0.001771
0.001709
0.001756
0.00174
0.001816
0.001749
0.001804
0.001724
0.001739
0.001747
0.001731
0.001961
0.001771
0.002133
0.001944
0.001956
0.001686
0.001933
0.00175
0.001762
0.001814
0.002081
0.002152
0.00187
0.001741
0.001763
0.001841
0.001993
0.001837
0.001804
0.001681
0.001733
0.001802
0.001724
0.001685
0.001741
0.001817
0.001765
0.001571
0.001861
0.001648
0.001951
0.002085
0.001729
0.001675
0.001629
0.001701
0.001712
0.001746
0.001686
0.001749
0.001861
0.001812
0.001684
0.001773
0.001731
0.001822
0.001838
0.00183
0.001765
0.00158
0.001779
0.00167
0.001712
0.001672
0.001646
0.001685
0.001716
0.001768
0.001693
0.001759
0.00185
0.001981
0.001875
0.002266
0.002033
0.001901
0.001905
0.00197
0.001961
0.001787
0.001964
0.001951
0.001907
0.001922
0.001919
0.001949
0.001911
0.001865
0.001919
0.001741
0.001704
0.001763
0.001716
0.001756
0.001761
0.001674
0.001751
0.001676
0.001709
0.00171
0.001642
0.001801
0.00195
0.00171
0.001813
0.001944
0.001764
0.001897
0.001787
0.001844
0.001849
0.001685
0.001951
0.002103
0.0017
0.001733
0.001802
0.0019
0.001694
0.001754
0.001812
0.001793
0.00171
0.00182
0.001791
0.001726
0.001767
0.001919
0.001837
0.001796
0.001656
0.002275
0.001926
0.001721
0.001725
0.00182
0.001757
0.001901
0.00271
0.002165
0.001747
0.001815
0.002078
0.001787
0.001885
0.001801
0.002337
0.001915
0.00174
0.001943
0.001824
0.001687
0.001762
0.001688
0.001747
0.001839
0.002006
0.002227
0.00203
0.002065
0.002303
0.002229
0.001889
0.001871
0.001941
0.001912
0.00197
0.001679
0.001782
0.001743
0.001725
0.001647
0.001944
0.001755
0.001805
0.001832
0.00196
0.001882
0.001765
0.001858
0.00181
0.001733
0.001647
0.001862
0.001784
0.00186
0.001796
0.001802
0.00175
0.001656
0.001788
0.00182
0.001864
0.001707
0.001807
0.001874
0.001743
0.001733
0.001793
0.001788
0.001789
0.001805
0.00178
0.00172
0.001834
0.001739
0.001689
0.001696
0.001693
0.001666
0.001836
0.001806
0.001679
0.00183
0.001738
0.001821
0.001796
0.001826
0.001768
0.00176
0.0019
0.00194
0.002009
0.001823
0.00173
0.001778
0.0018
0.001739
0.001811
0.001843
0.001779
0.00182
0.001866
0.001863
0.0017
0.003105
0.002938
0.002724
0.003038
0.001965
0.001745
0.001749
0.0017
0.001908
0.002883
0.001951
0.001829
0.00219
0.001893
0.001802
0.001726
0.001825
0.001841
0.001768
0.001786
0.002048
0.001665
0.001689
0.001754
0.001783
0.001714
0.001682
0.001976
0.001833
0.001871
0.00182
0.001809
0.001823
0.001655
0.001644
0.001857
0.001814
0.001712
0.001894
0.001734
0.00186
0.001705
0.001785
0.001808
0.001837
0.001799
0.001803
0.002003
0.001839
0.001784
0.001797
0.001826
0.001705
0.001833
0.001779
0.001809
0.001696
0.001825
0.001801
0.001788
0.001718
0.001622
0.001885
0.001786
0.001855
0.001663
0.00184
0.001802
0.001709
0.001893
0.001831
0.001787
0.001736
0.001828
0.001753
0.001802
0.001726
0.001741
0.001709
0.001696
0.001729
0.001684
0.001794
0.001857
0.00173
0.001983
0.001851
0.001803
0.002072
0.002152
0.001862
0.002088
0.002
0.001932
0.001699
0.001768
0.001753
0.001732
0.001719
0.001733
0.001716
0.002011
0.001869
0.001792
0.001771
0.001724
0.001734
0.001759
0.001727
0.001757
0.001716
0.001802
0.00174
0.001709
0.00175
0.001729
0.001781
0.001794
0.002738
0.001788
0.001774
0.001915
0.001979
0.001964
0.001806
0.001802
0.001806
0.001758
0.001834
0.001856
0.002051
0.00181
0.001778
0.001781
0.001676
0.001692
0.001762
0.001733
0.001707
0.00184
0.001763
0.001709
0.001707
0.001833
0.001832
0.001806
0.001737
0.002228
0.002622
0.001787
0.001798
0.001743
0.001836
0.001859
0.001846
0.00181
0.002113
0.002202
0.002129
0.001873
0.001947
0.002137
0.002118
0.001932
0.002032
0.001848
0.001865
0.001881
0.001825
0.002005
0.001808
0.001837
0.001839
0.001973
0.001852
0.002158
0.002226
0.001984
0.001815
0.002119
0.002011
0.002161
0.002015
0.001974
0.001923
0.001983
0.001926
0.001839
0.001921
0.002268
0.001926
0.001875
0.001912
0.001856
0.00183
0.00198
0.002005
0.001796
0.001876
0.001848
0.001746
0.001739
0.001744
0.001833
0.001806
0.001904
0.00177
0.001897
0.001778
0.001773
0.001769
0.001919
0.001925
0.001885
0.001819
0.001685
0.001925
0.001853
0.001981
0.002043
0.001792
0.001925
0.001972
0.001963
0.002005
0.001983
0.001744
0.001929
0.001754
0.001904
0.002123
0.001851
0.002052
0.002078
0.00198
0.001903
0.002
0.001703
0.001707
0.001792
0.001821
0.00171
0.001802
0.001828
0.001771
0.001781
0.001687
0.001855
0.001766
0.00182
0.001713
0.001996
0.00183
0.00177
0.001719
0.001757
0.001672
0.001743
0.001671
0.001824
0.001744
0.001827
0.002
0.001836
0.001757
0.001729
0.001701
0.001846
0.001696
0.001681
0.001903
0.001651
0.001704
0.00165
0.001684
0.001932
0.001934
0.002026
0.002049
0.001842
0.001752
0.001706
0.001833
0.00172
0.001767
0.001788
0.00178
0.001756
0.001757
0.001733
0.001658
0.001681
0.00174
0.001807
0.001766
0.001789
0.001592
0.001829
0.001843
0.001774
0.001816
0.001908
0.001805
0.001833
0.001767
0.00178
0.001789
0.001904
0.001826
0.001794
0.001796
0.001718
0.001721
0.001753
0.001884
0.001748
0.001857
0.001748
0.001763
0.001682
0.001715
0.001752
0.001702
0.002842
0.002616
0.001783
0.001731
0.001741
0.002326
0.001789
0.001746
0.002147
0.001864
0.001806
0.001907
0.002163
0.001798
0.002625
0.002002
0.001772
0.002009
0.002
0.001865
0.001775
0.001808
0.001779
0.001768
0.001813
0.001782
0.001746
0.001872
0.002066
0.002093
0.001863
0.001828
0.001832
0.001859
0.002033
0.001998
0.002097
0.00208
0.00197
0.00196
0.00193
0.001939
0.002097
0.00195
0.001895
0.001788
0.001823
0.001832
0.001813
0.001805
0.001807
0.001785
0.00178
0.001785
0.001762
0.001787
0.001752
0.001979
0.002058
0.002792
0.002894
0.002923
0.002887
0.002945
0.002855
0.002865
0.00283
0.002807
0.003115
0.00295
0.002003
0.002839
0.002887
0.003
0.003056
0.003099
0.002685
0.00193
0.002361
0.001995
0.001807
0.001812
0.001818
0.001779
0.001768
0.001815
0.001909
0.002088
0.002024
0.002079
0.001951
0.001945
0.001805
0.001919
0.00187
0.001795
0.001835
0.00187
0.001731
0.001772
0.001726
0.001869
0.00179
0.00178
0.001906
0.001848
0.00206
0.001905
0.001946
0.001929
0.001857
0.001787
0.001884
0.00185
0.001811
0.001961
0.001853
0.001785
0.001777
0.001815
0.002011
0.002156
0.001934
0.002087
0.001844
0.002226
0.001924
0.001886
0.001906
0.001948
0.001834
0.00183
0.001929
0.001833
0.001818
0.001804
0.001994
0.001778
0.001702
0.001838
0.001757
0.001773
0.001874
0.001792
0.001805
0.001797
0.001766
0.001777
0.001728
0.001741
0.002975
0.001913
0.001784
0.001851
0.001843
0.001799
0.00183
0.001847
0.001835
0.001936
0.002187
0.001969
0.001827
0.0019
0.001943
0.001941
0.002132
0.001926
0.00186
0.001826
0.001785
0.001762
0.001852
0.001761
0.001889
0.001993
0.001817
0.001946
0.001868
0.001908
0.001837
0.001847
0.001816
0.001896
0.001746
0.001919
0.001852
0.001791
0.00179
0.001834
0.001836
0.00182
0.001846
0.001853
0.001945
0.001954
0.001802
0.001918
0.001857
0.001808
0.001855
0.001843
0.001838
0.001924
0.001973
0.001764
0.00178
0.001807
0.00179
0.00179
0.001778
0.001756
0.002013
0.002109
0.001922
0.001826
0.001996
0.001852
0.001849
0.001796
0.001822
0.001856
0.001872
0.001898
0.001818
0.001769
0.00179
0.001828
0.001817
0.001777
0.001776
0.001773
0.001958
0.001918
0.001889
0.001864
0.001827
0.001753
0.001975
0.00226
0.001863
0.001864
0.001765
0.001864
0.001848
0.001861
0.001857
0.001838
0.001816
0.001991
0.001887
0.001775
0.001818
0.001985
0.001847
0.001834
0.001707
0.002026
0.001792
0.001736
0.001779
0.00173
0.001685
0.001877
0.001727
0.002027
0.001775
0.002035
0.001895
0.001923
0.001903
0.001867
0.00196
0.002011
0.018827
0.002082
0.002193
0.001951
0.001894
0.002022
0.001955
0.001892
0.001863
0.00179
0.001975
0.002003
0.001827
0.001752
0.001946
0.002139
0.002029
0.002114
0.001997
0.00203
0.001991
0.001991
0.001841
0.001806
0.001804
0.001841
0.001829
0.001822
0.001859
0.001787
0.001706
0.001719
0.001726
0.00193
0.001816
0.001819
0.00171
0.002175
0.001858
0.001812
0.001883
0.001891
0.001965
0.003021
0.001862
0.00197
0.001846
0.001889
0.001784
0.001684
0.001801
0.001806
0.001901
0.001895
0.002433
0.01973
0.001981
0.00177
0.001777
0.00193
0.001722
0.001836
0.00199
0.001847
0.00216
0.002254
0.002014
0.001959
0.00194
0.001986
0.001953
0.0021
0.002003
0.001938
0.001913
0.001984
0.001774
0.002474
0.002918
0.002974
0.00301
0.003007
0.002907
0.00273
0.002891
0.002971
0.003011
0.00196
0.001732
0.002055
0.002887
0.002882
0.0028
0.002881
0.002886
0.002933
0.002986
0.002898
0.003088
0.002911
0.00195
0.002039
0.002784
0.00279
0.002925
0.003089
0.026741
0.002794
0.003101
0.002933
0.003173
0.002963
0.002905
0.002869
0.002869
0.002773
0.002171
0.001791
0.001817
0.001914
0.002003
0.002037
0.00181
0.001781
0.001944
0.001966
0.00184
0.001787
0.001978
0.002017
0.001953
0.001879
0.002005
0.001817
0.001925
0.001835
0.001881
0.00181
0.001754
0.00191
0.00179
0.001794
0.001789
0.001772
0.001742
0.001722
0.001738
0.001743
0.001842
0.00175
0.001738
0.001732
0.001656
0.001598
0.001701
0.002185
0.001939
0.002098
0.001728
0.001944
0.001805
0.001779
0.001856
0.001852
0.001815
0.002086
0.002016
0.001909
0.001711
0.001824
0.001878
0.001689
0.001908
0.001814
0.001825
0.001758
0.001796
0.00187
0.001693
0.001818
0.002007
0.001869
0.001877
0.00178
0.002188
0.019336
0.002009
0.002079
0.00203
0.001968
0.001779
0.001778
0.001785
0.001877
0.001758
0.001738
0.001758
0.001753
0.002011
0.001927
0.002019
0.00193
0.001998
0.001799
0.001807
0.001776
0.001896
0.001737
0.001749
0.001757
0.001735
0.001755
0.001743
0.001794
0.001728
0.001725
0.001903
0.001952
0.001846
0.001713
0.001824
0.001858
0.001769
0.001811
0.001876
0.001857
0.001824
0.001733
0.00179
0.001945
0.001808
0.001975
0.001849
0.001807
0.001788
0.001805
0.001902
0.001858
0.001811
0.00196
0.001826
0.001803
0.001773
0.001814
0.001801
0.001811
0.001927
0.001942
0.001848
0.001762
0.001868
0.01891
0.001877
0.001846
0.001901
0.001801
0.002092
0.001836
0.001802
0.001736
0.001756
0.00184
0.001693
0.001768
0.001805
0.001838
0.001786
0.001885
0.001929
0.001784
0.001786
0.001812
0.001779
0.001769
0.001869
0.001763
0.001873
0.001858
0.001737
0.001744
0.001743
0.001765
0.001818
0.002151
0.001919
0.001883
0.001994
0.001934
0.002031
0.002159
0.001873
0.002031
0.001953
0.002104
0.001916
0.001908
0.001952
0.001963
0.001879
0.001864
0.001847
0.001873
0.00193
0.001839
0.001805
0.001896
0.001831
0.001855
0.002076
0.019183
0.002043
0.001962
0.001948
0.001991
0.001965
0.002026
0.001928
0.001793
0.00234
0.002337
0.001896
0.001912
0.001932
0.001818
0.001845
0.002085
0.002014
0.002096
0.00187
0.002068
0.002027
0.001868
0.001888
0.001895
0.001765
0.002016
0.001846
0.001943
0.001959
0.002028
0.001885
0.001779
0.001978
0.001861
0.001828
0.002093
0.002052
0.002039
0.002071
0.00212
0.001897
0.001992
0.001935
0.00201
0.002329
0.002382
0.002016
0.001876
0.001876
0.001945
0.002045
0.002175
0.002059
0.002187
0.001804
0.001832
0.001971
0.001939
0.001912
0.001904
0.001885
0.001881
0.001928
0.001897
0.002074
0.001864
0.001939
0.001955
0.002049
0.001981
0.002109
0.001938
0.001884
0.00207
0.001944
0.001971
0.001956
0.002017
0.002155
0.00211
0.002017
0.001883
0.001847
0.002059
0.002025
0.002021
0.001818
0.001915
0.002048
0.001736
0.00172
0.001724
0.002205
0.002372
0.002162
0.018641
0.00204
0.001775
0.002575
0.002381
0.002486
0.002814
0.002164
0.00185
0.001785
0.001778
0.00181
0.001816
0.002014
0.001972
0.001886
0.001821
0.001815
0.001729
0.001889
0.001749
0.001987
0.001773
0.001869
0.001818
0.001743
0.001732
0.001744
0.001856
0.001944
0.001862
0.001782
0.001807
0.001775
0.001845
0.001863
0.001728
0.001724
0.001756
0.001783
0.001769
0.001823
0.00169
0.001875
0.001808
0.001802
0.001775
0.001781
0.001795
0.001791
0.001829
0.001892
0.001808
0.001813
0.001902
0.001898
0.001952
0.001963
0.002353
0.001825
0.001871
0.001887
0.001739
0.001922
0.001913
0.001972
0.001827
0.001671
0.001887
0.001775
0.001739
0.001795
0.002131
0.002109
0.0019
0.00197
0.001995
0.001847
0.001807
0.001781
0.001855
0.001818
0.001995
0.002014
0.00183
0.001913
0.018875
0.001801
0.001739
0.001733
0.001751
0.001769
0.001921
0.001757
0.00194
0.001882
0.002253
0.002022
0.001922
0.001933
0.00191
0.001982
0.001979
0.00201
0.002056
0.002007
0.001914
0.001895
0.001857
0.002043
0.001999
0.002052
0.001888
0.002069
0.001955
0.001831
0.002038
0.001985
0.001992
0.001902
0.001871
0.001892
0.001852
0.00176
0.00177
0.001778
0.001812
0.001798
0.00181
0.001712
0.001883
0.001867
0.001828
0.001792
0.001837
0.001789
0.001771
0.002061
0.002158
0.002132
0.001975
0.002026
0.018893
0.001859
0.002124
0.001967
0.00178
0.001836
0.001831
0.001823
0.001839
0.001943
0.001867
0.001888
0.001791
0.001722
0.001791
0.001734
0.001959
0.00208
0.002023
0.002054
0.001951
0.001995
0.001796
0.001793
0.001731
0.0019
0.001711
0.001738
0.001872
0.00181
0.00175
0.002115
0.001973
0.001694
0.002143
0.001955
0.001772
0.001665
0.001679
0.001722
0.001656
0.001746
0.001719
0.001802
0.001889
0.001782
0.001796
0.001925
0.001914
0.002028
0.002084
0.001908
0.002126
0.002111
0.020471
0.001779
0.002021
0.001892
0.001953
0.002067
0.001862
0.001813
0.002046
0.002019
0.001809
0.001812
0.001773
0.001814
0.00185
0.001855
0.001923
0.001864
0.001858
0.001911
0.001964
0.001657
0.001761
0.001736
0.001757
0.001775
0.001857
0.001786
0.002129
0.002032
0.001745
0.001726
0.001825
0.001773
0.001823
0.00175
0.001704
0.001741
0.001768
0.001804
0.001769
0.0018
0.001811
0.001992
0.001836
0.001878
0.001789
0.001807
0.001762
0.0018
0.00179
0.00172
0.001771
0.001774
0.001861
0.001738
0.0017
0.001726
0.001871
0.001885
0.001848
0.001778
0.001898
0.001826
0.001796
0.001828
0.001823
0.001876
0.002094
0.019504
0.002056
0.001866
0.001828
0.001813
0.001823
0.001815
0.001854
0.00177
0.001768
0.002092
0.001943
0.001831
0.001791
0.001781
0.001765
0.00175
0.001827
0.001816
0.001848
0.001785
0.001876
0.001907
0.001801
0.001816
0.002076
0.002072
0.002017
0.002078
